1 0.72734375 0.82265625 0.11953125 0.15390625
1 0.27265625 0.53984375 0.090625 0.07890625
1 0.7015625 0.46484375 0.0453125 0.04609375
1 0.79296875 0.625 0.0796875 0.1
1 0.5796875 0.70859375 0.11328125 0.125
1 0.746875 0.5 0.05078125 0.05859375
1 0.91484375 0.52890625 0.05078125 0.06640625
1 0.36484375 0.77109375 0.15625 0.15
1 0.69609375 0.37265625 0.02265625 0.02890625
1 0.82265625 0.52265625 0.05390625 0.07109375
0 0.64765625 0.38984375 0.028125 0.0375
1 0.71484375 0.34609375 0.01953125 0.01640625
1 0.84921875 0.45234375 0.03984375 0.04609375
1 0.92578125 0.37890625 0.02265625 0.04140625
1 0.871875 0.43125 0.028125 0.0375
1 0.84921875 0.35859375 0.0171875 0.025
1 0.7328125 0.33359375 0.0171875 0.01640625
0 0.88203125 0.38359375 0.0484375 0.08359375
0 0.72265625 0.37890625 0.03125 0.03359375
0 0.56953125 0.39609375 0.07109375 0.08359375