1 0.91171875 0.52265625 0.05703125 0.07109375
1 0.77578125 0.67265625 0.08515625 0.10390625
1 0.2359375 0.9 0.215625 0.19140625
1 0.5765625 0.71875 0.1078125 0.12109375
1 0.16796875 0.58359375 0.10234375 0.08359375
1 0.496875 0.44765625 0.0453125 0.0375
1 0.53125 0.62265625 0.08515625 0.0875
1 0.87109375 0.80859375 0.11640625 0.16640625
1 0.61328125 0.4 0.034375 0.03359375
1 0.6578125 0.94765625 0.16796875 0.09609375
1 0.8109375 0.36484375 0.01953125 0.02109375
1 0.92890625 0.41875 0.034375 0.04609375
1 0.859375 0.43125 0.03671875 0.0375
1 0.8765625 0.40859375 0.02578125 0.03359375
1 0.92578125 0.375 0.02265625 0.025
1 0.7203125 0.36484375 0.02578125 0.02109375
1 0.73984375 0.34140625 0.01953125 0.01640625
1 0.659375 0.375 0.028125 0.03359375
1 0.83203125 0.5 0.03984375 0.05
1 0.88203125 0.37890625 0.02578125 0.025
1 0.859375 0.35234375 0.01953125 0.02109375
0 0.74609375 0.4828125 0.10078125 0.1703125
1 0.815625 0.54140625 0.0640625 0.06640625
0 0.690625 0.465625 0.03125 0.075