1 0.5796875 0.38984375 0.028125 0.02890625
1 0.41171875 0.56015625 0.08515625 0.07109375
1 0.91796875 0.5625 0.0625 0.08359375
1 0.49140625 0.45390625 0.05703125 0.04140625
1 0.6578125 0.36015625 0.02578125 0.02109375
1 0.925 0.3875 0.02578125 0.025
1 0.921875 0.41640625 0.03125 0.03359375
1 0.6734375 0.38984375 0.028125 0.02890625
1 0.7171875 0.38515625 0.02578125 0.02890625
1 0.046875 0.77734375 0.09375 0.15390625
1 0.609375 0.41484375 0.04296875 0.0375
1 0.51953125 0.41484375 0.03984375 0.0375
1 0.69921875 0.36015625 0.02265625 0.02109375
0 0.8609375 0.41484375 0.03984375 0.05390625
0 0.765625 0.6390625 0.1890625 0.38203125
0 0.49296875 0.75703125 0.38515625 0.47578125
0 0.5921875 0.46640625 0.06640625 0.06171875
0 0.80625 0.4078125 0.06796875 0.1171875
1 0.0359375 0.6375 0.071875 0.11875