1 0.67578125 0.89375 0.16484375 0.2125
1 0.53515625 0.62890625 0.09296875 0.10078125
1 0.66796875 0.61640625 0.08046875 0.10390625
1 0.78046875 0.65 0.0890625 0.10859375
1 0.903125 0.67578125 0.09375 0.11640625
1 0.81796875 0.55390625 0.0609375 0.07109375
1 0.834375 0.51171875 0.053125 0.0609375
1 0.84921875 0.46796875 0.04765625 0.0578125
1 0.9265625 0.43359375 0.04609375 0.04453125
1 0.85859375 0.4390625 0.04453125 0.04375
1 0.76484375 0.41484375 0.03671875 0.046875
1 0.82265625 0.4078125 0.03046875 0.03671875
1 0.87109375 0.40703125 0.03828125 0.046875
1 0.7140625 0.37890625 0.02421875 0.0296875
1 0.6875 0.36640625 0.03046875 0.02890625
1 0.6578125 0.36875 0.025 0.03671875
1 0.553125 0.440625 0.0546875 0.06953125
1 0.434375 0.47265625 0.0625 0.0625