0 0.28125 0.50390625 0.19921875 0.16640625
1 0.80078125 0.6 0.06796875 0.08359375
1 0.88671875 0.73125 0.096875 0.1375
1 0.30703125 0.83359375 0.18203125 0.15859375
1 0.70703125 0.46484375 0.0453125 0.04609375
1 0.75703125 0.49140625 0.05390625 0.05859375
1 0.91484375 0.49765625 0.0453125 0.05390625
1 0.6890625 0.84609375 0.13359375 0.175
1 0.83359375 0.50234375 0.05390625 0.07109375
1 0.77734375 0.4 0.03125 0.03359375
1 0.8625 0.45234375 0.03671875 0.0375
1 0.74453125 0.35390625 0.0171875 0.025
1 0.63359375 0.375 0.02265625 0.025
1 0.65234375 0.60859375 0.08203125 0.09140625
1 0.92578125 0.37734375 0.02265625 0.02890625
1 0.5609375 0.44609375 0.0484375 0.04140625
1 0.5921875 0.42265625 0.03671875 0.02890625
1 0.925 0.41640625 0.03125 0.04140625
1 0.48046875 0.42890625 0.0453125 0.04140625
1 0.88203125 0.4 0.02578125 0.03359375
1 0.71484375 0.35234375 0.01953125 0.02109375
0 0.825 0.38671875 0.053125 0.0890625