1 0.27734375 0.5375 0.09375 0.075
1 0.921875 0.41875 0.03125 0.0375
1 0.575 0.71875 0.10546875 0.1125
1 0.621875 0.93125 0.16484375 0.12890625
1 0.8625 0.43359375 0.03125 0.04140625
1 0.565625 0.44375 0.0453125 0.04609375
1 0.52578125 0.43359375 0.0453125 0.04140625
1 0.78125 0.39609375 0.034375 0.03359375
1 0.81796875 0.41015625 0.028125 0.0375
1 0.49140625 0.51484375 0.0625 0.0625
1 0.64921875 0.37109375 0.02578125 0.025
1 0.92578125 0.3625 0.02265625 0.025
1 0.49609375 0.63984375 0.09921875 0.12109375
0 0.78671875 0.55390625 0.11328125 0.2
1 0.71484375 0.3875 0.03125 0.025
1 0.67734375 0.36640625 0.02578125 0.03359375
1 0.89921875 0.62109375 0.0765625 0.1
1 0.83828125 0.37890625 0.02265625 0.03359375
1 0.85078125 0.47890625 0.02578125 0.05
0 0.8765625 0.37265625 0.0484375 0.07890625
1 0.77578125 0.33515625 0.02265625 0.02109375
0 0.69453125 0.5125 0.0765625 0.15859375
0 0.91015625 0.31875 0.02578125 0.04609375
1 0.0625 0.9625 0.125 0.06640625