1 0.85546875 0.45390625 0.03984375 0.04140625
1 0.48125 0.8375 0.1734375 0.19140625
1 0.82109375 0.53984375 0.05703125 0.07109375
0 0.24609375 0.51484375 0.29296875 0.2125
1 0.84375 0.38125 0.02265625 0.02890625
1 0.75390625 0.70625 0.09921875 0.12890625
1 0.8765625 0.39765625 0.03125 0.02890625
1 0.8625 0.95234375 0.16796875 0.0875
1 0.91015625 0.4875 0.04296875 0.05859375
1 0.62890625 0.41015625 0.03671875 0.02890625
1 0.640625 0.37734375 0.02578125 0.02890625
1 0.80078125 0.42890625 0.034375 0.04140625
1 0.890625 0.375 0.02578125 0.025
1 0.68203125 0.40625 0.028125 0.02890625
0 0.74296875 0.48984375 0.059375 0.0875
1 0.92578125 0.39765625 0.028125 0.02890625
1 0.8265625 0.35 0.0171875 0.025
1 0.89921875 0.34609375 0.01953125 0.025
0 0.71015625 0.3515625 0.06171875 0.05390625
0 0.85390625 0.3375 0.03125 0.05
1 0.3046875 0.578125 0.0953125 0.09921875