1 0.49140625 0.85859375 0.165625 0.1828125
0 0.534375 0.42109375 0.096875 0.125
1 0.89375 0.74453125 0.1015625 0.13671875
1 0.78828125 0.60625 0.08046875 0.09609375
1 0.6015625 0.56796875 0.07265625 0.084375
1 0.371875 0.54375 0.08671875 0.07265625
1 0.27578125 0.51484375 0.078125 0.075
1 0.74140625 0.4296875 0.04453125 0.0578125
1 0.79140625 0.45 0.0421875 0.0484375
1 0.834375 0.5078125 0.05546875 0.0578125
1 0.859375 0.44765625 0.03984375 0.04765625
1 0.91640625 0.44453125 0.04296875 0.05078125
0 0.6609375 0.40625 0.04375 0.071875
1 0.5921875 0.40703125 0.03125 0.06484375