1 0.6578125 0.90390625 0.15078125 0.18359375
1 0.83671875 0.49609375 0.05390625 0.06640625
1 0.91171875 0.55 0.0625 0.075
1 0.58515625 0.45625 0.0453125 0.04609375
1 0.77421875 0.675 0.08828125 0.10859375
1 0.47890625 0.43359375 0.04296875 0.03359375
1 0.88359375 0.81015625 0.11328125 0.1625
1 0.55390625 0.6 0.08515625 0.08359375
1 0.83125 0.38984375 0.02578125 0.02890625
1 0.70859375 0.46640625 0.0484375 0.05
1 0.8890625 0.37109375 0.02265625 0.025
1 0.28125 0.53359375 0.090625 0.075
1 0.17890625 0.68125 0.153125 0.14609375
1 0.86328125 0.4375 0.03984375 0.04140625
1 0.92890625 0.35859375 0.02265625 0.025
1 0.871875 0.40390625 0.028125 0.03359375
1 0.83125 0.35390625 0.02578125 0.025
1 0.61640625 0.41484375 0.03984375 0.0375
1 0.75703125 0.35859375 0.01953125 0.025
1 0.78671875 0.32109375 0.0171875 0.01640625
1 0.7671875 0.32734375 0.0171875 0.0125
1 0.70703125 0.38984375 0.028125 0.02109375
0 0.68203125 0.36875 0.0515625 0.07109375
0 0.63203125 0.61953125 0.18125 0.253125
1 0.21640625 0.53203125 0.09453125 0.075