1 0.91796875 0.52890625 0.05703125 0.075
1 0.50703125 0.81875 0.14453125 0.15390625
1 0.86328125 0.93515625 0.14765625 0.12109375
1 0.921875 0.40859375 0.03125 0.03359375
1 0.828125 0.54375 0.059375 0.07890625
1 0.4671875 0.4375 0.0484375 0.04140625
1 0.74609375 0.42734375 0.03671875 0.0375
1 0.60546875 0.41484375 0.03984375 0.0375
1 0.85546875 0.45 0.03984375 0.04140625
1 0.7203125 0.35234375 0.01953125 0.02109375
1 0.76015625 0.68515625 0.08203125 0.12109375
1 0.83359375 0.3875 0.02578125 0.025
1 0.86953125 0.41875 0.034375 0.0375
1 0.69296875 0.3625 0.02265625 0.01640625
1 0.80078125 0.375 0.02265625 0.025
1 0.47734375 0.47890625 0.0625 0.05859375
1 0.75859375 0.33984375 0.0171875 0.02109375
1 0.74453125 0.32890625 0.0171875 0.01640625
1 0.93046875 0.37734375 0.02578125 0.02890625
1 0.840625 0.49375 0.0453125 0.05390625
1 0.88203125 0.37890625 0.02578125 0.025