1 0.91484375 0.50859375 0.05078125 0.05859375
1 0.75546875 0.49765625 0.05078125 0.05390625
1 0.89453125 0.64609375 0.07421875 0.1
1 0.7953125 0.58984375 0.06796875 0.07890625
1 0.846875 0.4625 0.0453125 0.05
1 0.85078125 0.36640625 0.02578125 0.025
1 0.8140625 0.41015625 0.03125 0.0375
1 0.70859375 0.46015625 0.04296875 0.04609375
1 0.5625 0.43984375 0.0453125 0.0375
1 0.6109375 0.38125 0.028125 0.02890625
1 0.765625 0.34375 0.01953125 0.02109375
1 0.7515625 0.42265625 0.03671875 0.0375
1 0.925 0.38125 0.02578125 0.02890625
1 0.44453125 0.53125 0.07109375 0.07109375
1 0.6703125 0.91875 0.153125 0.15390625
1 0.8140625 0.36875 0.02578125 0.02890625
1 0.675 0.37265625 0.02578125 0.02109375
1 0.88203125 0.38515625 0.02578125 0.02890625
1 0.7046875 0.34609375 0.0171875 0.01640625
1 0.89453125 0.35625 0.0171875 0.02890625
1 0.87109375 0.42109375 0.03125 0.03359375
1 0.72265625 0.35234375 0.01953125 0.02109375
0 0.58828125 0.64140625 0.221875 0.31640625