1 0.88515625 0.92890625 0.14453125 0.13359375
1 0.41171875 0.92109375 0.215625 0.15
1 0.80078125 0.62109375 0.07421875 0.09140625
1 0.27265625 0.54765625 0.090625 0.07109375
1 0.85390625 0.44140625 0.03671875 0.04140625
1 0.71171875 0.54375 0.065625 0.07109375
1 0.91328125 0.49140625 0.04296875 0.06640625
1 0.2171875 0.90625 0.23046875 0.17890625
1 0.84375 0.49765625 0.05078125 0.05390625
1 0.61328125 0.39765625 0.02265625 0.02890625
1 0.77265625 0.4625 0.03984375 0.05
1 0.7 0.36015625 0.01953125 0.02109375
1 0.87109375 0.39609375 0.02578125 0.03359375
1 0.925 0.3875 0.02578125 0.03359375
1 0.5015625 0.42265625 0.03671875 0.0375
1 0.91875 0.44375 0.03671875 0.04609375
1 0.778125 0.33515625 0.0171875 0.02109375
1 0.66640625 0.35859375 0.01953125 0.01640625
0 0.86484375 0.33984375 0.02578125 0.04609375
0 0.82421875 0.37734375 0.05078125 0.07109375
0 0.56328125 0.4265625 0.090625 0.1046875