1 0.88671875 0.825 0.11328125 0.16640625
1 0.6578125 0.62265625 0.08828125 0.09609375
1 0.80859375 0.575 0.07109375 0.08359375
1 0.41796875 0.71640625 0.159375 0.16640625
1 0.784375 0.45 0.03984375 0.04140625
1 0.528125 0.41484375 0.03984375 0.0375
1 0.25859375 0.54609375 0.08515625 0.075
1 0.64765625 0.95 0.159375 0.09140625
1 0.31640625 0.60859375 0.1109375 0.09140625
1 0.76171875 0.4125 0.034375 0.03359375
1 0.92578125 0.39140625 0.028125 0.03359375
1 0.61484375 0.44375 0.04296875 0.04609375
1 0.66875 0.39375 0.03125 0.02890625
1 0.84765625 0.36875 0.01953125 0.02109375
1 0.921875 0.52890625 0.05390625 0.06640625
1 0.82421875 0.39609375 0.028125 0.03359375
1 0.8296875 0.4875 0.0453125 0.05
1 0.934375 0.3625 0.02265625 0.025
1 0.825 0.35390625 0.01953125 0.025
1 0.734375 0.34609375 0.01953125 0.01640625
0 0.8625 0.43515625 0.0484375 0.07890625
1 0.7625 0.35625 0.01953125 0.02109375
1 0.875 0.32890625 0.0171875 0.01640625