1 0.171875 0.63046875 0.13359375 0.11640625
1 0.31328125 0.834375 0.19765625 0.1875
1 0.63515625 0.65546875 0.08984375 0.10625
1 0.7734375 0.70703125 0.1015625 0.12265625
1 0.8953125 0.68203125 0.08671875 0.13671875
1 0.85390625 0.96875 0.1453125 0.0625
1 0.6109375 0.96015625 0.16484375 0.07890625
1 0.75625 0.49921875 0.05078125 0.0625
1 0.75546875 0.42734375 0.04375 0.05078125
1 0.84921875 0.48359375 0.0546875 0.06484375
1 0.91953125 0.48046875 0.05234375 0.053125
1 0.821875 0.40546875 0.03671875 0.04140625
1 0.86328125 0.41875 0.03359375 0.03671875
1 0.92578125 0.409375 0.0328125 0.03671875
1 0.88046875 0.39140625 0.03359375 0.04296875
1 0.5578125 0.45078125 0.04296875 0.0453125
1 0.49375 0.4578125 0.05390625 0.059375
1 0.60546875 0.40546875 0.03671875 0.04296875