1 0.63203125 0.53125 0.065625 0.0625
1 0.625 0.66875 0.10234375 0.12109375
1 0.44921875 0.5375 0.07421875 0.075
1 0.75390625 0.71640625 0.10546875 0.13359375
1 0.871875 0.92890625 0.153125 0.13359375
1 0.5953125 0.42734375 0.03671875 0.0375
1 0.66328125 0.92890625 0.15078125 0.13359375
1 0.83359375 0.52109375 0.05390625 0.06640625
1 0.7046875 0.37109375 0.02265625 0.025
0 0.75859375 0.44609375 0.090625 0.14140625
1 0.59375 0.39140625 0.034375 0.03359375
1 0.02734375 0.6625 0.05390625 0.1
1 0.7359375 0.33359375 0.0171875 0.01640625
0 0.91875 0.50859375 0.059375 0.09140625
1 0.51015625 0.46640625 0.05390625 0.05
1 0.68203125 0.35390625 0.02265625 0.01640625
1 0.7984375 0.60859375 0.07421875 0.09140625
1 0.54140625 0.425 0.04296875 0.05
0 0.83671875 0.35625 0.0484375 0.0625
0 0.84921875 0.44375 0.07421875 0.12890625
1 0.8109375 0.3625 0.0140625 0.025
1 0.703125 0.34765625 0.01953125 0.02109375