1 0.37890625 0.49765625 0.059375 0.05390625
1 0.80703125 0.57890625 0.07421875 0.08359375
1 0.85390625 0.43984375 0.03671875 0.04609375
1 0.91796875 0.43984375 0.03984375 0.04609375
1 0.19296875 0.54609375 0.090625 0.06640625
1 0.91328125 0.5 0.0484375 0.06640625
1 0.653125 0.4 0.034375 0.03359375
1 0.72578125 0.44140625 0.03671875 0.04140625
1 0.7515625 0.5125 0.05390625 0.05859375
1 0.88359375 0.37265625 0.02265625 0.02890625
1 0.60234375 0.40390625 0.034375 0.025
1 0.5484375 0.48515625 0.0625 0.05390625
1 0.85390625 0.32890625 0.0140625 0.01640625
1 0.78984375 0.3875 0.028125 0.03359375
1 0.92578125 0.36640625 0.02265625 0.025
1 0.4203125 0.925 0.215625 0.14140625
1 0.82421875 0.35234375 0.0171875 0.02109375
1 0.72578125 0.35 0.01953125 0.01640625
1 0.11484375 0.9515625 0.2296875 0.0875
1 0.890625 0.7125 0.09375 0.13359375