1 0.82109375 0.51640625 0.05078125 0.06640625
1 0.74453125 0.73984375 0.1078125 0.1375
1 0.890625 0.66015625 0.08203125 0.1125
1 0.49140625 0.47890625 0.05703125 0.05
1 0.58515625 0.56875 0.0796875 0.0875
1 0.6078125 0.41640625 0.03984375 0.03359375
1 0.9203125 0.43515625 0.034375 0.04609375
1 0.8609375 0.44609375 0.03984375 0.04140625
1 0.875 0.38984375 0.028125 0.02890625
1 0.921875 0.39609375 0.03125 0.03359375
1 0.8921875 0.35234375 0.0171875 0.02109375
1 0.7484375 0.35234375 0.01953125 0.02109375
0 0.846875 0.35390625 0.034375 0.05859375
1 0.796875 0.38359375 0.02578125 0.025
1 0.72890625 0.34375 0.02578125 0.02109375
1 0.7828125 0.33125 0.0140625 0.02109375
1 0.74453125 0.43125 0.03984375 0.04609375
0 0.690625 0.55625 0.13046875 0.1625
0 0.696875 0.36796875 0.04375 0.06796875
1 0.80703125 0.4109375 0.034375 0.04140625
1 0.47265625 0.46171875 0.05546875 0.05078125