1 0.91328125 0.50234375 0.0484375 0.05390625
1 0.33671875 0.54765625 0.08828125 0.07890625
1 0.921875 0.43359375 0.03671875 0.04140625
1 0.74453125 0.43359375 0.03984375 0.04140625
1 0.59765625 0.425 0.04296875 0.04140625
1 0.5484375 0.42109375 0.03984375 0.03359375
1 0.92578125 0.3875 0.028125 0.03359375
1 0.7796875 0.65 0.08828125 0.10859375
1 0.825 0.52890625 0.059375 0.06640625
0 0.84921875 0.44609375 0.06796875 0.125
1 0.75546875 0.34140625 0.0171875 0.01640625
1 0.82265625 0.35859375 0.01953125 0.025
1 0.53984375 0.4625 0.0453125 0.04140625
1 0.7953125 0.38359375 0.02265625 0.025
1 0.52265625 0.50390625 0.05703125 0.05
1 0.84765625 0.93515625 0.15625 0.12109375
0 0.684375 0.35390625 0.03984375 0.05
1 0.84375 0.33515625 0.0171875 0.02109375
1 0.78125 0.325 0.0171875 0.01640625