1 0.48125 0.51640625 0.07109375 0.06640625
1 0.58203125 0.5875 0.0796875 0.08359375
1 0.91328125 0.51484375 0.05390625 0.07109375
1 0.78984375 0.63515625 0.08515625 0.09609375
1 0.55546875 0.43125 0.03671875 0.0375
1 0.921875 0.41484375 0.03125 0.0375
1 0.63671875 0.37890625 0.028125 0.025
1 0.45859375 0.45390625 0.05390625 0.05859375
1 0.8734375 0.84140625 0.121875 0.18359375
1 0.85546875 0.47265625 0.0453125 0.05390625
1 0.88515625 0.37734375 0.02578125 0.02890625
1 0.82265625 0.4 0.02578125 0.03359375
1 0.875 0.40390625 0.028125 0.03359375
1 0.73046875 0.4375 0.03984375 0.05
1 0.71328125 0.35 0.02265625 0.025
1 0.75546875 0.33515625 0.0171875 0.02109375
1 0.8609375 0.43984375 0.034375 0.0375
1 0.8125 0.35703125 0.0203125 0.034375