1 0.36484375 0.5 0.07109375 0.05859375
1 0.496875 0.47265625 0.05703125 0.05390625
1 0.56953125 0.60625 0.08828125 0.07890625
1 0.91484375 0.48359375 0.05078125 0.05859375
1 0.8625 0.43515625 0.03671875 0.04609375
1 0.15625 0.70390625 0.14765625 0.11640625
1 0.9046875 0.58125 0.07109375 0.0875
1 0.6234375 0.41015625 0.03671875 0.0375
1 0.8296875 0.52109375 0.05703125 0.06640625
1 0.9203125 0.425 0.034375 0.03359375
1 0.78125 0.62265625 0.08515625 0.09609375
1 0.44140625 0.54609375 0.08203125 0.06640625
1 0.92578125 0.38125 0.028125 0.0375
1 0.54296875 0.40625 0.03984375 0.0375
1 0.65234375 0.42734375 0.03671875 0.0375
1 0.815625 0.36640625 0.02265625 0.025
1 0.69453125 0.47890625 0.0484375 0.06640625
1 0.66015625 0.36015625 0.02578125 0.02890625
1 0.84921875 0.36640625 0.02265625 0.025
0 0.7765625 0.4359375 0.08125 0.12734375
0 0.23828125 0.840625 0.4765625 0.315625
1 0.075 0.68828125 0.14921875 0.13203125
0 0.7296875 0.34765625 0.0421875 0.05546875
0 0.88125 0.38125 0.0390625 0.0625