1 0.59375 0.575 0.07421875 0.075
1 0.40234375 0.48359375 0.059375 0.05859375
1 0.84921875 0.47109375 0.0453125 0.05
1 0.91015625 0.57265625 0.065625 0.07890625
1 0.2375 0.90390625 0.21328125 0.18359375
1 0.37109375 0.57734375 0.09375 0.0875
0 0.72890625 0.49140625 0.09375 0.15
1 0.81796875 0.35859375 0.02265625 0.025
1 0.80703125 0.42265625 0.034375 0.0375
1 0.86953125 0.43125 0.034375 0.0375
1 0.7671875 0.7 0.090625 0.125
1 0.72421875 0.35859375 0.02265625 0.025
1 0.67734375 0.3875 0.02578125 0.025
1 0.92734375 0.39765625 0.03125 0.02890625
1 0.92734375 0.36640625 0.01953125 0.025
1 0.88671875 0.38515625 0.028125 0.0375
1 0.78515625 0.33359375 0.0140625 0.01640625
0 0.86328125 0.33359375 0.028125 0.05
1 0.6375 0.3875 0.03125 0.03359375
1 0.753125 0.34609375 0.0171875 0.01640625
1 0.75859375 0.40859375 0.028125 0.025