1 0.40859375 0.48515625 0.06328125 0.0609375
0 0.66640625 0.77890625 0.30390625 0.425
0 0.9078125 0.66015625 0.08828125 0.12109375
1 0.46640625 0.4921875 0.0625 0.0625
1 0.47109375 0.42890625 0.04453125 0.046875
1 0.51015625 0.44609375 0.04375 0.04921875
0 0.59296875 0.41015625 0.07421875 0.0796875
1 0.68203125 0.55546875 0.065625 0.06875
1 0.61015625 0.6703125 0.09140625 0.11640625
1 0.81796875 0.59140625 0.0671875 0.09765625
1 0.82734375 0.52421875 0.0578125 0.05546875
1 0.921875 0.4546875 0.04375 0.05078125
1 0.86328125 0.4484375 0.03515625 0.03359375
1 0.85390625 0.47421875 0.05 0.04609375
1 0.79296875 0.44453125 0.04296875 0.05