1 0.246875 0.64609375 0.13671875 0.11640625
1 0.925 0.41015625 0.03125 0.0375
1 0.15234375 0.55390625 0.10546875 0.08359375
1 0.72265625 0.45390625 0.04296875 0.04140625
1 0.71484375 0.54140625 0.065625 0.06640625
1 0.9234375 0.47890625 0.0453125 0.05859375
1 0.79140625 0.61640625 0.08203125 0.1
1 0.83828125 0.50625 0.05078125 0.0625
1 0.878125 0.875 0.125 0.18359375
1 0.3890625 0.47265625 0.05703125 0.04609375
1 0.92890625 0.37734375 0.02265625 0.02890625
1 0.76171875 0.47734375 0.0453125 0.05390625
1 0.85625 0.4625 0.04296875 0.05
1 0.64375 0.40234375 0.03125 0.02890625
0 0.83203125 0.36484375 0.03984375 0.07109375
1 0.80546875 0.425 0.03125 0.03359375
1 0.90234375 0.6125 0.0765625 0.1
1 0.87890625 0.38984375 0.03125 0.0375
1 0.659375 0.90234375 0.14765625 0.1875
1 0.8734375 0.425 0.03125 0.04140625
1 0.6546875 0.38125 0.02578125 0.02890625
1 0.76875 0.33984375 0.01953125 0.02109375
1 0.41015625 0.73359375 0.14453125 0.14140625
1 0.6375 0.37265625 0.01953125 0.02109375
0 0.77265625 0.38984375 0.034375 0.05390625
1 0.66875 0.36015625 0.02578125 0.02109375
1 0.8921875 0.35859375 0.02265625 0.03359375