0 0.74140625 0.46640625 0.1421875 0.2
0 0.50546875 0.43984375 0.11953125 0.12890625
0 0.64453125 0.36796875 0.03984375 0.071875
1 0.55625 0.765625 0.13046875 0.1421875
1 0.76875 0.70703125 0.09765625 0.12265625
1 0.8953125 0.6390625 0.0765625 0.10625
1 0.31953125 0.60625 0.11171875 0.10078125
1 0.24609375 0.553125 0.09140625 0.07890625
1 0.0453125 0.7 0.090625 0.13671875
1 0.63359375 0.53203125 0.06171875 0.07421875
1 0.8578125 0.46015625 0.040625 0.05
1 0.915625 0.471875 0.0484375 0.05546875
0 0.8765625 0.38828125 0.0484375 0.07265625
1 0.9203125 0.41171875 0.0453125 0.05