1 0.71484375 0.54609375 0.065625 0.06640625
1 0.5140625 0.42109375 0.03984375 0.03359375
1 0.72265625 0.8125 0.1109375 0.14140625
1 0.7640625 0.66640625 0.090625 0.11640625
1 0.71171875 0.45234375 0.04296875 0.04609375
1 0.80546875 0.375 0.02578125 0.025
1 0.421875 0.47890625 0.059375 0.05
1 0.925 0.40390625 0.03125 0.04140625
1 0.5796875 0.39375 0.028125 0.02890625
1 0.565625 0.41875 0.03984375 0.0375
1 0.77265625 0.40234375 0.034375 0.02890625
1 0.70625 0.34375 0.01953125 0.02109375
1 0.0625 0.63125 0.125 0.09609375
0 0.81796875 0.50859375 0.1078125 0.19140625
1 0.27578125 0.85 0.221875 0.225
1 0.9234375 0.36875 0.028125 0.0375
0 0.7515625 0.32734375 0.02578125 0.0375
0 0.8734375 0.3953125 0.04609375 0.08828125