1 0.50859375 0.81640625 0.14765625 0.16640625
1 0.7046875 0.80390625 0.125 0.16640625
1 0.34765625 0.51640625 0.0765625 0.06640625
1 0.684375 0.4875 0.0453125 0.05
1 0.8 0.625 0.0765625 0.1
1 0.9203125 0.46875 0.0453125 0.05390625
1 0.81953125 0.3625 0.01953125 0.025
1 0.55703125 0.47109375 0.05078125 0.05
1 0.921875 0.39375 0.02578125 0.02890625
1 0.83984375 0.38125 0.02578125 0.02109375
1 0.76171875 0.4125 0.034375 0.03359375
1 0.69296875 0.37890625 0.02265625 0.025
1 0.7171875 0.38359375 0.02578125 0.025
1 0.64765625 0.4 0.034375 0.03359375
0 0.83515625 0.46640625 0.08515625 0.15
1 0.73984375 0.33984375 0.01953125 0.02109375
1 0.8765625 0.38515625 0.02578125 0.02890625
1 0.66015625 0.375 0.02578125 0.025
0 0.5921875 0.39453125 0.07734375 0.07265625
0 0.25390625 0.65546875 0.1484375 0.14296875
1 0.02109375 0.61875 0.0421875 0.08203125