1 0.79609375 0.6484375 0.0875 0.1203125
1 0.85078125 0.49765625 0.05859375 0.0609375
1 0.85078125 0.45859375 0.05078125 0.05
1 0.9140625 0.4734375 0.05625 0.06328125
0 0.26875 0.5421875 0.12109375 0.103125
1 0.1265625 0.9390625 0.253125 0.121875
1 0.39921875 0.46328125 0.06328125 0.06328125
1 0.50078125 0.45390625 0.0546875 0.05703125
1 0.60546875 0.40234375 0.04453125 0.053125
1 0.7203125 0.46171875 0.0546875 0.05703125
1 0.78671875 0.3921875 0.0359375 0.03984375
1 0.67734375 0.3921875 0.03671875 0.0328125
0 0.86484375 0.40625 0.0625 0.1
1 0.93046875 0.4 0.034375 0.03671875
1 0.66640625 0.35859375 0.0265625 0.03203125