1 0.90625 0.66015625 0.0796875 0.10390625
1 0.66640625 0.5 0.05390625 0.05859375
1 0.25390625 0.59140625 0.10546875 0.09140625
1 0.6390625 0.41015625 0.034375 0.02890625
1 0.78515625 0.39609375 0.03125 0.03359375
1 0.828125 0.56875 0.059375 0.07109375
1 0.6703125 0.37265625 0.028125 0.02890625
1 0.71171875 0.37265625 0.01953125 0.02109375
1 0.921875 0.51015625 0.05390625 0.0625
1 0.69140625 0.35 0.01953125 0.01640625
1 0.925 0.39140625 0.02578125 0.025
1 0.0453125 0.79140625 0.090625 0.14140625
1 0.83984375 0.375 0.02578125 0.025
1 0.8421875 0.5125 0.0484375 0.05859375
1 0.8109375 0.36640625 0.01953125 0.025
1 0.74609375 0.36640625 0.01953125 0.025
1 0.92734375 0.43515625 0.03671875 0.04609375
0 0.87109375 0.41875 0.059375 0.10390625
1 0.7359375 0.33359375 0.02265625 0.01640625
0 0.38359375 0.89140625 0.23828125 0.20859375
0 0.8609375 0.33984375 0.028125 0.04609375
0 0.89921875 0.32734375 0.03125 0.04609375