0 0.68203125 0.37578125 0.05859375 0.06328125
1 0.72421875 0.775 0.11953125 0.15
1 0.80703125 0.58125 0.06796875 0.07890625
1 0.61484375 0.67109375 0.10546875 0.125
1 0.7359375 0.52265625 0.0625 0.0625
1 0.85546875 0.45625 0.03984375 0.04609375
1 0.84375 0.37265625 0.02265625 0.02109375
1 0.6234375 0.37734375 0.02578125 0.02109375
1 0.9203125 0.45 0.03984375 0.05
1 0.79296875 0.4375 0.03984375 0.04140625
1 0.921875 0.40625 0.02578125 0.02890625
1 0.875 0.40859375 0.028125 0.03359375
1 0.83125 0.35 0.01953125 0.01640625
1 0.6125 0.41640625 0.03671875 0.03359375
1 0.88203125 0.38125 0.02578125 0.02890625
1 0.75390625 0.34609375 0.01953125 0.01640625
1 0.58359375 0.45625 0.05390625 0.0625
1 0.73828125 0.33984375 0.0171875 0.02109375
1 0.67890625 0.40625 0.034375 0.0375
1 0.92578125 0.36875 0.02265625 0.02890625
1 0.85546875 0.32734375 0.0171875 0.02109375
1 0.78515625 0.38515625 0.02578125 0.0375
0 0.36953125 0.58203125 0.09453125 0.10390625
0 0.390625 0.5140625 0.09140625 0.07421875
0 0.02734375 0.625 0.05390625 0.08359375