1 0.75390625 0.71484375 0.10546875 0.12890625
1 0.0921875 0.72265625 0.15078125 0.12890625
1 0.92578125 0.5375 0.05703125 0.075
0 0.75703125 0.46015625 0.09375 0.14609375
1 0.65078125 0.50625 0.0625 0.07109375
1 0.690625 0.38125 0.034375 0.02890625
1 0.83359375 0.38359375 0.02578125 0.025
1 0.55703125 0.44609375 0.0453125 0.04140625
1 0.36640625 0.76015625 0.16484375 0.1875
1 0.63671875 0.40625 0.034375 0.02890625
1 0.72578125 0.35 0.01953125 0.01640625
1 0.92890625 0.39375 0.028125 0.04609375
0 0.8296875 0.47734375 0.06796875 0.12109375
1 0.80390625 0.40390625 0.0171875 0.03359375
1 0.871875 0.40625 0.034375 0.05390625
1 0.83828125 0.34375 0.0171875 0.02109375
0 0.88671875 0.3625 0.03984375 0.06640625
0 0.765625 0.32890625 0.03125 0.05