0 0.69765625 0.55390625 0.07109375 0.10859375
0 0.69765625 0.55546875 0.07109375 0.11875
1 0.61796875 0.54765625 0.07109375 0.07890625
1 0.65703125 0.8984375 0.15078125 0.2
1 0.14765625 0.64609375 0.14765625 0.12578125
1 0.42109375 0.4890625 0.06875 0.0703125
1 0.58203125 0.41875 0.04140625 0.03671875
1 0.72578125 0.453125 0.053125 0.0546875
1 0.8296875 0.53203125 0.059375 0.07265625
1 0.86640625 0.4296875 0.03984375 0.05703125
1 0.92734375 0.43984375 0.03984375 0.05078125
1 0.66875 0.378125 0.03359375 0.0390625
1 0.8265625 0.403125 0.03671875 0.03203125