0 0.30546875 0.58515625 0.15625 0.17265625
0 0.77109375 0.625 0.12109375 0.20859375
0 0.8171875 0.39140625 0.05390625 0.1015625
0 0.884375 0.37109375 0.03515625 0.05390625
1 0.70078125 0.84140625 0.13359375 0.1921875
1 0.8890625 0.9265625 0.14375 0.146875
1 0.6578125 0.603125 0.084375 0.109375
1 0.6078125 0.42578125 0.04140625 0.05234375
1 0.5625 0.39609375 0.03671875 0.04453125
1 0.39375 0.49375 0.0734375 0.06875
1 0.909375 0.575 0.0703125 0.084375
1 0.83359375 0.5203125 0.06015625 0.0703125
1 0.8515625 0.45703125 0.04765625 0.0640625
1 0.91875 0.46640625 0.05546875 0.065625
1 0.72734375 0.44296875 0.04921875 0.0421875
1 0.765625 0.409375 0.03515625 0.046875
1 0.6625 0.39921875 0.0328125 0.034375
1 0.66171875 0.3703125 0.025 0.028125
1 0.61640625 0.38359375 0.04140625 0.04375
1 0.57578125 0.41953125 0.03359375 0.0390625
1 0.7109375 0.3703125 0.02890625 0.03671875
1 0.8765625 0.4015625 0.0359375 0.04296875
1 0.9296875 0.4 0.04140625 0.0359375