0 0.36796875 0.89375 0.20703125 0.19609375
0 0.79296875 0.56875 0.14765625 0.27109375
0 0.8609375 0.42109375 0.0625 0.10859375
1 0.0921875 0.665625 0.14609375 0.12734375
1 0.47734375 0.68359375 0.12421875 0.115625
1 0.4796875 0.459375 0.05859375 0.07109375
1 0.5734375 0.4390625 0.0515625 0.05
1 0.6203125 0.40390625 0.03828125 0.0484375
1 0.8828125 0.728125 0.10703125 0.15703125
1 0.9109375 0.4921875 0.05546875 0.0734375
1 0.93125 0.4296875 0.04609375 0.0515625
1 0.71328125 0.4578125 0.046875 0.05625
1 0.78515625 0.45390625 0.04765625 0.04453125
1 0.7765625 0.403125 0.040625 0.0421875