1 0.67265625 0.5015625 0.05859375 0.0734375
0 0.66875 0.81875 0.253125 0.34609375
1 0.88203125 0.90390625 0.13359375 0.18359375
1 0.36875 0.53828125 0.078125 0.08125
1 0.38359375 0.49140625 0.06640625 0.065625
1 0.915625 0.58203125 0.07265625 0.09453125
1 0.7890625 0.6375 0.08125 0.1125
1 0.80234375 0.5640625 0.06796875 0.07265625
1 0.8375 0.51875 0.04921875 0.06953125
1 0.846875 0.48515625 0.05234375 0.059375
1 0.91796875 0.48984375 0.046875 0.0578125
1 0.559375 0.4078125 0.03515625 0.04296875
1 0.6046875 0.43125 0.0375 0.04296875