0 0.48125 0.63125 0.128125 0.15390625
0 0.69140625 0.53125 0.121875 0.17890625
0 0.6703125 0.81875 0.25 0.34609375
0 0.26171875 0.54609375 0.08515625 0.075
1 0.86953125 0.93125 0.1546875 0.1375
1 0.796875 0.61171875 0.084375 0.103125
1 0.8234375 0.53046875 0.06171875 0.07890625
1 0.91796875 0.50078125 0.053125 0.06171875
1 0.86796875 0.446875 0.04296875 0.05546875
1 0.92578125 0.4203125 0.04296875 0.04375
1 0.5703125 0.44609375 0.0453125 0.05
1 0.52578125 0.434375 0.0484375 0.0578125
1 0.47890625 0.52421875 0.07109375 0.0765625
1 0.425 0.51015625 0.06171875 0.0671875
0 0.81953125 0.3875 0.0484375 0.0890625
1 0.77578125 0.40390625 0.0296875 0.0390625