1 0.75859375 0.68515625 0.090625 0.1125
1 0.90078125 0.62734375 0.07421875 0.09609375
1 0.55078125 0.61640625 0.08515625 0.08359375
1 0.82109375 0.54375 0.0625 0.07890625
1 0.58828125 0.69140625 0.1078125 0.11640625
1 0.453125 0.49609375 0.065625 0.05859375
1 0.24140625 0.55390625 0.10234375 0.075
1 0.703125 0.46875 0.0484375 0.05390625
1 0.05703125 0.70390625 0.11328125 0.125
1 0.921875 0.44375 0.03671875 0.0375
1 0.91484375 0.49140625 0.0453125 0.05
1 0.578125 0.46640625 0.05390625 0.05
1 0.63671875 0.425 0.0453125 0.05
1 0.88046875 0.39375 0.028125 0.02890625
1 0.83203125 0.38984375 0.028125 0.02890625
1 0.925 0.38984375 0.02578125 0.02890625
1 0.57109375 0.41015625 0.03984375 0.04609375
1 0.85625 0.44765625 0.03671875 0.04609375
1 0.703125 0.34765625 0.01953125 0.02109375
1 0.8578125 0.4125 0.034375 0.03359375
1 0.83125 0.35234375 0.01953125 0.02109375
0 0.77421875 0.44140625 0.08203125 0.125
1 0.8921875 0.37109375 0.02265625 0.03359375