1 0.8734375 0.40625 0.03125 0.02890625
1 0.8296875 0.39375 0.028125 0.02890625
0 0.340625 0.50390625 0.17578125 0.175
1 0.80546875 0.375 0.02578125 0.025
1 0.84765625 0.48359375 0.0484375 0.05859375
1 0.66171875 0.36484375 0.02265625 0.02109375
0 0.70859375 0.50625 0.121875 0.1875
1 0.8875 0.37265625 0.02578125 0.02890625
1 0.73046875 0.37109375 0.02265625 0.025
1 0.38359375 0.77734375 0.153125 0.1375
0 0.74296875 0.7125 0.11640625 0.18359375
1 0.83203125 0.34765625 0.02265625 0.02109375
1 0.60234375 0.39765625 0.034375 0.02890625
1 0.74453125 0.33125 0.0171875 0.0125