1 0.8453125 0.46015625 0.04296875 0.04609375
1 0.325 0.54765625 0.08828125 0.07890625
1 0.78125 0.45625 0.0453125 0.04609375
1 0.70625 0.46640625 0.0484375 0.05
1 0.90234375 0.64140625 0.07109375 0.10859375
1 0.91796875 0.44609375 0.03984375 0.05
1 0.80859375 0.575 0.065625 0.08359375
1 0.86640625 0.4125 0.028125 0.03359375
1 0.68359375 0.59765625 0.0765625 0.0875
1 0.66640625 0.36015625 0.02578125 0.02109375
1 0.75390625 0.71640625 0.09921875 0.11640625
1 0.5171875 0.46484375 0.0453125 0.04609375
1 0.55234375 0.48359375 0.05390625 0.05
1 0.50859375 0.42265625 0.034375 0.0375
1 0.73125 0.34140625 0.01953125 0.025
1 0.80859375 0.37265625 0.02578125 0.02890625
1 0.86484375 0.34375 0.01953125 0.02109375
1 0.4828125 0.66484375 0.13046875 0.14609375
1 0.92734375 0.36640625 0.01953125 0.03359375
1 0.58671875 0.40390625 0.03671875 0.04140625
1 0.84296875 0.37578125 0.028125 0.046875
1 0.88828125 0.3703125 0.0234375 0.04375