1 0.91171875 0.49140625 0.0453125 0.05859375
1 0.8265625 0.5 0.05078125 0.05859375
1 0.79375 0.60625 0.0765625 0.09609375
1 0.69453125 0.85 0.1390625 0.18359375
1 0.23046875 0.55625 0.096875 0.07890625
1 0.74296875 0.42890625 0.03671875 0.04140625
1 0.85546875 0.45625 0.03984375 0.04609375
1 0.7015625 0.37890625 0.028125 0.025
1 0.81640625 0.41015625 0.03125 0.02890625
1 0.784375 0.44765625 0.03984375 0.04609375
1 0.215625 0.6625 0.13671875 0.11640625
1 0.79140625 0.38125 0.02578125 0.02890625
1 0.8890625 0.63984375 0.08515625 0.12890625
1 0.48125 0.50625 0.07109375 0.0625
1 0.39453125 0.49140625 0.0625 0.05859375
0 0.59765625 0.64375 0.246875 0.32890625
1 0.58828125 0.40859375 0.034375 0.03359375
1 0.88515625 0.37734375 0.02578125 0.02890625
0 0.86640625 0.41484375 0.03984375 0.05390625
0 0.84453125 0.36015625 0.0390625 0.06796875