1 0.91171875 0.6125 0.07421875 0.1
1 0.246875 0.54765625 0.090625 0.07890625
1 0.63203125 0.53984375 0.065625 0.0625
1 0.83984375 0.38359375 0.03125 0.025
1 0.91796875 0.48125 0.0453125 0.0625
1 0.80234375 0.4375 0.03671875 0.04140625
1 0.86328125 0.43125 0.034375 0.0375
1 0.875 0.40390625 0.028125 0.03359375
0 0.72734375 0.69609375 0.2046875 0.375
1 0.7328125 0.44140625 0.03984375 0.04140625
1 0.83515625 0.48359375 0.03984375 0.05
1 0.7828125 0.39375 0.03125 0.02890625
1 0.04296875 0.65625 0.08515625 0.09609375
1 0.61328125 0.39765625 0.034375 0.02890625
0 0.43203125 0.48984375 0.0796875 0.09609375
0 0.725 0.353125 0.05 0.07265625
1 0.63359375 0.42890625 0.040625 0.0390625
1 0.66015625 0.36875 0.0234375 0.02421875
1 0.68203125 0.371875 0.02734375 0.02734375
1 0.82890625 0.5234375 0.0578125 0.046875