1 0.68203125 0.4875 0.05078125 0.05
1 0.5484375 0.42734375 0.0453125 0.0375
1 0.86953125 0.41015625 0.028125 0.02890625
1 0.8578125 0.45390625 0.03984375 0.05
1 0.65234375 0.62265625 0.065625 0.0875
1 0.47421875 0.43359375 0.0453125 0.04140625
1 0.41875 0.48359375 0.059375 0.05
1 0.9234375 0.41484375 0.034375 0.0375
1 0.14921875 0.63515625 0.13359375 0.09609375
1 0.92734375 0.46484375 0.04296875 0.05390625
1 0.53984375 0.6125 0.08515625 0.08359375
1 0.79296875 0.39375 0.028125 0.0375
1 0.88359375 0.38359375 0.028125 0.03359375
1 0.66484375 0.36640625 0.028125 0.03359375
1 0.92578125 0.37890625 0.028125 0.03359375
1 0.89375 0.35625 0.02578125 0.02890625
0 0.71171875 0.35625 0.04296875 0.05390625
0 0.7359375 0.67890625 0.19296875 0.36640625
1 0.1078125 0.96640625 0.215625 0.05859375
1 0.81640625 0.3625 0.01953125 0.025
0 0.78515625 0.440625 0.0359375 0.06640625
1 0.5734375 0.446875 0.04296875 0.04609375