1 0.596875 0.42734375 0.03984375 0.0375
1 0.41796875 0.56015625 0.0796875 0.07109375
1 0.7203125 0.45390625 0.04296875 0.04140625
1 0.609375 0.55234375 0.07109375 0.07109375
1 0.609375 0.38125 0.03125 0.02890625
1 0.91875 0.475 0.04296875 0.05
1 0.77734375 0.46015625 0.04296875 0.04609375
1 0.92890625 0.38125 0.02265625 0.02890625
1 0.8140625 0.57109375 0.059375 0.075
1 0.73046875 0.51640625 0.0625 0.06640625
1 0.5296875 0.42734375 0.0484375 0.04609375
1 0.7375 0.3375 0.01953125 0.025
1 0.49609375 0.46875 0.059375 0.05390625
1 0.76875 0.35625 0.01953125 0.02109375
1 0.66640625 0.37265625 0.01953125 0.02890625
1 0.76171875 0.33984375 0.02265625 0.02109375
0 0.74453125 0.6875 0.13671875 0.25
1 0.11328125 0.96015625 0.221875 0.07109375
0 0.840625 0.46640625 0.08515625 0.15
1 0.92578125 0.35625 0.0171875 0.02109375
0 0.69765625 0.3625 0.05390625 0.06640625
0 0.10546875 0.665625 0.2109375 0.22578125
0 0.5390625 0.83046875 0.45859375 0.3296875