1 0.44296875 0.47109375 0.05703125 0.05
1 0.74140625 0.72109375 0.096875 0.11640625
0 0.5453125 0.70390625 0.25546875 0.36640625
1 0.778125 0.46015625 0.0453125 0.04609375
1 0.84375 0.4625 0.0453125 0.05
1 0.6890625 0.37890625 0.03125 0.025
1 0.875 0.39140625 0.028125 0.03359375
1 0.49453125 0.5125 0.06796875 0.05859375
1 0.91640625 0.4375 0.03671875 0.04140625
1 0.74609375 0.43125 0.03671875 0.0375
0 0.84765625 0.35390625 0.03125 0.05
1 0.92578125 0.39609375 0.028125 0.03359375
1 0.7796875 0.3375 0.0140625 0.01640625
0 0.91171875 0.525 0.05703125 0.1
0 0.80859375 0.3125 0.0140625 0.025
1 0.89453125 0.35859375 0.02734375 0.03359375
1 0.93125 0.35546875 0.03046875 0.0453125