0 0.84140625 0.36953125 0.0359375 0.06640625
1 0.28515625 0.62109375 0.11640625 0.10859375
1 0.69765625 0.84609375 0.128125 0.18359375
1 0.66796875 0.37265625 0.028125 0.02109375
1 0.91484375 0.50390625 0.05078125 0.05859375
1 0.734375 0.50859375 0.05390625 0.06640625
1 0.33828125 0.525 0.0796875 0.075
1 0.609375 0.45 0.04296875 0.04140625
1 0.83984375 0.48359375 0.03671875 0.05
1 0.88515625 0.89609375 0.121875 0.19140625
1 0.55390625 0.425 0.03984375 0.03359375
1 0.796875 0.43359375 0.03671875 0.03359375
1 0.8625 0.44609375 0.03671875 0.05
1 0.58671875 0.39765625 0.03125 0.02890625
1 0.91875 0.41875 0.03125 0.04609375
0 0.7671875 0.625 0.11328125 0.19140625
0 0.0546875 0.6625 0.10859375 0.2
0 0.87421875 0.39140625 0.0421875 0.07421875
0 0.73125 0.35078125 0.05625 0.06171875