1 0.6671875 0.90625 0.184375 0.1875
0 0.440625 0.47265625 0.17578125 0.12890625
1 0.6078125 0.56171875 0.07578125 0.071875
0 0.77734375 0.61484375 0.103125 0.16875
1 0.11875 0.609375 0.1140625 0.0796875
1 0.55078125 0.40390625 0.04140625 0.04375
1 0.6046875 0.40859375 0.03515625 0.03046875
0 0.66796875 0.38515625 0.05703125 0.05703125
0 0.7453125 0.48828125 0.06015625 0.06953125
1 0.83828125 0.50390625 0.05703125 0.06328125
1 0.86640625 0.465625 0.04765625 0.04296875
1 0.9203125 0.42734375 0.03203125 0.04375
1 0.871875 0.43203125 0.0359375 0.0359375
1 0.75859375 0.41484375 0.0359375 0.03828125