1 0.27578125 0.61484375 0.11953125 0.0875
1 0.109375 0.57890625 0.1109375 0.075
1 0.91640625 0.56484375 0.059375 0.07890625
1 0.81796875 0.40859375 0.028125 0.03359375
1 0.76875 0.6625 0.08828125 0.11640625
1 0.86328125 0.43984375 0.034375 0.04609375
1 0.77421875 0.39375 0.02578125 0.02890625
1 0.71875 0.45625 0.0453125 0.04609375
1 0.9234375 0.43515625 0.034375 0.04609375
1 0.83203125 0.5125 0.05703125 0.05859375
1 0.7375 0.35390625 0.01953125 0.025
1 0.92578125 0.38515625 0.028125 0.02890625
1 0.815625 0.56875 0.06796875 0.07109375
1 0.69453125 0.4 0.03125 0.03359375
1 0.67578125 0.36875 0.02265625 0.02109375
1 0.87890625 0.4 0.02578125 0.03359375
1 0.925 0.35859375 0.01953125 0.025
1 0.82109375 0.35234375 0.0171875 0.02109375
1 0.29375 0.82265625 0.17890625 0.1375
1 0.83828125 0.38125 0.028125 0.02890625
1 0.7171875 0.35234375 0.01953125 0.02109375
0 0.66484375 0.87890625 0.159375 0.23359375
1 0.73984375 0.33359375 0.0140625 0.01640625
1 0.88515625 0.37109375 0.02578125 0.025
0 0.4765625 0.471875 0.08984375 0.084375