1 0.87109375 0.4125 0.03125 0.03359375
1 0.91796875 0.47890625 0.0453125 0.05859375
1 0.7171875 0.33984375 0.01953125 0.02109375
1 0.85546875 0.45859375 0.03984375 0.05
1 0.55 0.40859375 0.03671875 0.025
1 0.71328125 0.46015625 0.0453125 0.04609375
1 0.815625 0.36484375 0.02265625 0.02109375
1 0.796875 0.37890625 0.02578125 0.03359375
1 0.03515625 0.790625 0.0703125 0.125
1 0.88046875 0.77265625 0.10234375 0.15390625
1 0.8921875 0.35390625 0.0171875 0.025
1 0.66171875 0.39375 0.028125 0.02890625
1 0.83828125 0.34375 0.0171875 0.02109375
1 0.8453125 0.36640625 0.01953125 0.025
1 0.05703125 0.64140625 0.11328125 0.11640625
1 0.9203125 0.40234375 0.034375 0.0375
0 0.57421875 0.69296875 0.25859375 0.3671875
1 0.5953125 0.43046875 0.04140625 0.0421875
1 0.5890625 0.40546875 0.04375 0.02734375
1 0.77890625 0.4609375 0.04765625 0.05859375
1 0.76328125 0.40703125 0.04375 0.05