0 0.74140625 0.48125 0.10234375 0.14609375
1 0.778125 0.70859375 0.0953125 0.13046875
1 0.8171875 0.55703125 0.065625 0.08203125
1 0.91015625 0.59140625 0.06875 0.08125
1 0.59296875 0.57421875 0.08046875 0.1015625
1 0.459375 0.53671875 0.0765625 0.08203125
1 0.4671875 0.465625 0.0578125 0.04765625
1 0.41015625 0.4609375 0.05625 0.05546875
1 0.62109375 0.440625 0.0328125 0.05234375
0 0.71484375 0.35234375 0.04375 0.065625
0 0.8421875 0.47421875 0.053125 0.08203125
1 0.92734375 0.43671875 0.03671875 0.04375
1 0.81484375 0.40703125 0.0375 0.040625
1 0.7765625 0.3953125 0.028125 0.0359375
1 0.8828125 0.42109375 0.0453125 0.04609375