1 0.88515625 0.69609375 0.08828125 0.125
1 0.91796875 0.44765625 0.03984375 0.04609375
1 0.84375 0.48359375 0.0453125 0.05
1 0.63515625 0.92265625 0.16171875 0.14609375
1 0.14375 0.59375 0.11640625 0.09609375
1 0.75 0.49609375 0.05703125 0.06640625
0 0.453125 0.4625 0.16796875 0.15
1 0.58125 0.72109375 0.1109375 0.11640625
1 0.66015625 0.5 0.05390625 0.05859375
1 0.86953125 0.42265625 0.034375 0.0375
0 0.8109375 0.39375 0.05390625 0.09609375
1 0.7625 0.4125 0.03671875 0.03359375
1 0.92734375 0.38359375 0.02578125 0.025
1 0.890625 0.37109375 0.02578125 0.03359375
1 0.871875 0.39609375 0.02265625 0.025
1 0.92734375 0.34375 0.01953125 0.02109375
0 0.57109375 0.39609375 0.0796875 0.08359375
1 0.753125 0.3375 0.0171875 0.01640625
0 0.66875 0.37265625 0.0578125 0.0765625
0 0.709375 0.35625 0.03671875 0.07578125