1 0.73125 0.44375 0.04296875 0.04609375
1 0.7828125 0.61015625 0.0765625 0.09609375
1 0.78984375 0.3875 0.028125 0.03359375
1 0.825 0.53984375 0.05390625 0.0625
1 0.81953125 0.4 0.03125 0.03359375
1 0.7046875 0.35625 0.02265625 0.02109375
1 0.871875 0.90390625 0.13046875 0.18359375
1 0.67734375 0.6 0.08203125 0.08359375
1 0.64921875 0.37890625 0.03125 0.025
1 0.575 0.46484375 0.05390625 0.05390625
1 0.83984375 0.48359375 0.0484375 0.05859375
1 0.85390625 0.44140625 0.03671875 0.04140625
1 0.8734375 0.4125 0.03125 0.04140625
1 0.5015625 0.42890625 0.04296875 0.03359375
1 0.49453125 0.47265625 0.0625 0.05390625
1 0.925 0.40390625 0.02578125 0.03359375
1 0.6890625 0.40390625 0.03125 0.03359375
1 0.05 0.76640625 0.09921875 0.16640625
1 0.71875 0.85 0.11953125 0.16640625
1 0.9234375 0.44609375 0.03984375 0.05
1 0.72890625 0.38125 0.01953125 0.02109375
1 0.1234375 0.95390625 0.24140625 0.08359375
1 0.8921875 0.38515625 0.02265625 0.02890625
1 0.7515625 0.34765625 0.01953125 0.02109375
0 0.3625 0.4875 0.28671875 0.16640625
0 0.8578125 0.3375 0.028125 0.05