0 0.63203125 0.60859375 0.2015625 0.29140625
1 0.88359375 0.734375 0.09296875 0.14921875
1 0.80390625 0.565625 0.06796875 0.0984375
1 0.90703125 0.5484375 0.06015625 0.08671875
1 0.17890625 0.63046875 0.13515625 0.0953125
1 0.525 0.49609375 0.06171875 0.06953125
1 0.56328125 0.41875 0.04765625 0.05
1 0.625 0.39140625 0.03515625 0.05078125
1 0.70546875 0.37421875 0.0390625 0.0359375
1 0.775 0.4 0.0265625 0.028125
1 0.86171875 0.4453125 0.04375 0.046875
1 0.91875 0.45625 0.04296875 0.04609375
1 0.92265625 0.415625 0.03828125 0.03515625
1 0.88046875 0.3890625 0.03515625 0.0390625