1 0.5140625 0.50390625 0.0625 0.06640625
1 0.19140625 0.5625 0.09921875 0.08359375
1 0.91484375 0.52890625 0.05078125 0.06640625
1 0.796875 0.43125 0.03671875 0.0375
1 0.92734375 0.41875 0.03671875 0.0375
1 0.875 0.41484375 0.028125 0.02890625
1 0.88203125 0.80234375 0.1109375 0.15390625
1 0.828125 0.51875 0.05390625 0.0625
1 0.61796875 0.41640625 0.03671875 0.03359375
1 0.6375 0.3875 0.02578125 0.025
1 0.68046875 0.48984375 0.05390625 0.05390625
1 0.85390625 0.44140625 0.03671875 0.04140625
1 0.77265625 0.4 0.028125 0.03359375
1 0.80078125 0.37734375 0.028125 0.02890625
1 0.83671875 0.37890625 0.02578125 0.025
1 0.465625 0.48984375 0.05703125 0.05390625
1 0.85390625 0.48125 0.04296875 0.04609375
1 0.6859375 0.9 0.15625 0.19140625
1 0.83203125 0.34609375 0.0171875 0.01640625
0 0.2765625 0.8015625 0.54765625 0.38359375
0 0.58828125 0.64921875 0.26953125 0.3484375
0 0.515625 0.4203125 0.12265625 0.06953125