0 0.38203125 0.50625 0.09921875 0.12109375
1 0.890625 0.76484375 0.10546875 0.14609375
1 0.74609375 0.71484375 0.09921875 0.12109375
0 0.53671875 0.61875 0.11328125 0.12890625
1 0.70625 0.46328125 0.0484375 0.0546875
1 0.90390625 0.54375 0.05390625 0.06484375
1 0.8546875 0.4640625 0.04765625 0.05
0 0.78125 0.45703125 0.06171875 0.075
1 0.59765625 0.4 0.03515625 0.03984375
1 0.63125 0.41484375 0.03515625 0.04296875
1 0.6828125 0.41015625 0.0484375 0.04140625
1 0.32890625 0.48671875 0.05625 0.0703125