1 0.67578125 0.86015625 0.13671875 0.1875
1 0.75546875 0.69609375 0.096875 0.125
1 0.35625 0.51015625 0.0765625 0.05390625
1 0.90234375 0.57265625 0.07109375 0.0875
1 0.5625 0.59765625 0.08515625 0.07890625
1 0.88359375 0.83515625 0.11953125 0.1625
1 0.81640625 0.53515625 0.065625 0.07890625
1 0.61796875 0.38125 0.02578125 0.02109375
1 0.91875 0.48125 0.0484375 0.05390625
1 0.6734375 0.36015625 0.02265625 0.02109375
1 0.9234375 0.425 0.034375 0.04140625
1 0.79375 0.43515625 0.03671875 0.04609375
1 0.65234375 0.38515625 0.02578125 0.02109375
1 0.78828125 0.3875 0.02578125 0.03359375
1 0.8453125 0.36875 0.01953125 0.02109375
0 0.6 0.44453125 0.05625 0.06875
1 0.7328125 0.3375 0.0171875 0.01640625
0 0.859375 0.44609375 0.065625 0.125
1 0.81640625 0.36484375 0.01953125 0.02109375
0 0.88515625 0.36015625 0.03671875 0.0625
0 0.85546875 0.32265625 0.0171875 0.02109375
0 0.5578125 0.4265625 0.046875 0.0890625