1 0.70703125 0.909375 0.1671875 0.18125
0 0.49609375 0.46640625 0.07109375 0.075
1 0.77265625 0.74765625 0.10859375 0.1390625
1 0.778125 0.63046875 0.08828125 0.103125
1 0.603125 0.57109375 0.0890625 0.08203125
1 0.39375 0.57734375 0.1015625 0.090625
1 0.60703125 0.45390625 0.046875 0.03828125
1 0.72421875 0.534375 0.06328125 0.07890625
1 0.71953125 0.45859375 0.046875 0.04765625
1 0.8171875 0.553125 0.05 0.07890625
1 0.90625 0.63671875 0.07578125 0.1015625
1 0.9125 0.52109375 0.05234375 0.05703125
1 0.85078125 0.50546875 0.04765625 0.06171875
1 0.92265625 0.4671875 0.04921875 0.0453125
1 0.80625 0.42265625 0.040625 0.0390625
1 0.8484375 0.459375 0.04609375 0.0390625
0 0.609375 0.4140625 0.04140625 0.03203125
1 0.4578125 0.45234375 0.0578125 0.0703125
1 0.50390625 0.4203125 0.04921875 0.0390625