1 0.74453125 0.5125 0.05703125 0.05859375
1 0.496875 0.51015625 0.05703125 0.0625
1 0.69765625 0.47734375 0.0484375 0.04609375
1 0.8734375 0.41015625 0.02578125 0.02890625
1 0.515625 0.64765625 0.09921875 0.09609375
1 0.6875 0.85234375 0.13671875 0.17109375
1 0.54140625 0.45 0.0484375 0.05
1 0.84921875 0.475 0.0453125 0.05
1 0.28984375 0.55234375 0.090625 0.0875
1 0.08359375 0.7390625 0.1671875 0.153125
1 0.85234375 0.35859375 0.02265625 0.025
1 0.825 0.38984375 0.02578125 0.02890625
1 0.796875 0.43359375 0.03671875 0.03359375
1 0.9203125 0.40625 0.028125 0.02890625
1 0.6890625 0.37734375 0.03125 0.02890625
1 0.80390625 0.37265625 0.02265625 0.02890625
1 0.88359375 0.375 0.02265625 0.03359375
1 0.86953125 0.34375 0.0171875 0.02109375
0 0.76171875 0.33125 0.028125 0.04609375
1 0.925 0.38125 0.01953125 0.02890625
1 0.73046875 0.34140625 0.0171875 0.01640625
0 0.85390625 0.325 0.0140625 0.025