1 0.63203125 0.3875 0.03125 0.03359375
1 0.3421875 0.5375 0.08203125 0.075
1 0.91796875 0.45 0.034375 0.04140625
1 0.25703125 0.65 0.128125 0.1
1 0.2484375 0.525 0.0765625 0.06640625
0 0.89765625 0.625 0.07421875 0.1
1 0.73828125 0.72890625 0.10234375 0.125
1 0.484375 0.42890625 0.04296875 0.04140625
1 0.815625 0.54140625 0.05703125 0.06640625
1 0.8421875 0.375 0.02578125 0.025
1 0.5796875 0.42265625 0.03984375 0.0375
1 0.80390625 0.43125 0.034375 0.0375
1 0.92578125 0.37734375 0.028125 0.02890625
1 0.85390625 0.45859375 0.04296875 0.04140625
1 0.590625 0.39140625 0.028125 0.025
1 0.83359375 0.49140625 0.0484375 0.05
0 0.690625 0.53125 0.13671875 0.20390625
1 0.8734375 0.39609375 0.02578125 0.03359375
1 0.765625 0.33125 0.01953125 0.02109375
0 0.73359375 0.346875 0.0390625 0.06171875