1 0.90078125 0.61875 0.07421875 0.09609375
1 0.25703125 0.57265625 0.09921875 0.0875
1 0.846875 0.47265625 0.0453125 0.04609375
1 0.7953125 0.63359375 0.0796875 0.09140625
1 0.42578125 0.45234375 0.05078125 0.04609375
1 0.92734375 0.41875 0.03671875 0.0375
1 0.78125 0.39375 0.028125 0.02890625
1 0.69140625 0.90390625 0.14453125 0.18359375
1 0.171875 0.90625 0.2359375 0.17890625
1 0.8296875 0.525 0.05703125 0.06640625
1 0.88359375 0.40234375 0.02265625 0.02890625
1 0.846875 0.37109375 0.02265625 0.025
1 0.86328125 0.41640625 0.034375 0.04140625
1 0.83125 0.35 0.01953125 0.01640625
1 0.42734375 0.55390625 0.08203125 0.075
1 0.3578125 0.92109375 0.215625 0.14140625
1 0.60078125 0.40390625 0.03125 0.025
1 0.7359375 0.33984375 0.0171875 0.02109375
1 0.7 0.36640625 0.0140625 0.025
1 0.71875 0.38125 0.028125 0.02890625
1 0.71015625 0.34609375 0.0171875 0.01640625
0 0.66328125 0.38359375 0.075 0.071875
0 0.8890625 0.36015625 0.034375 0.0625