0 0.9078125 0.25859375 0.08828125 0.03359375
1 0.89453125 0.64765625 0.0796875 0.10390625
1 0.82265625 0.55 0.065625 0.075
1 0.72421875 0.7625 0.10234375 0.13359375
1 0.78828125 0.64140625 0.0765625 0.09140625
1 0.74140625 0.43359375 0.03984375 0.04140625
1 0.203125 0.54140625 0.08828125 0.075
1 0.52578125 0.61640625 0.090625 0.09140625
1 0.59921875 0.70234375 0.11328125 0.12109375
1 0.8609375 0.44609375 0.03984375 0.04140625
1 0.62109375 0.44140625 0.04296875 0.05
1 0.6265625 0.9625 0.16796875 0.06640625
1 0.74453125 0.5 0.0625 0.08359375
1 0.56796875 0.39765625 0.034375 0.0375
1 0.88515625 0.38125 0.02578125 0.02890625
1 0.9234375 0.38984375 0.028125 0.02890625
1 0.5640625 0.44140625 0.04296875 0.04140625
0 0.48046875 0.43125 0.11953125 0.10390625
1 0.8734375 0.41640625 0.03125 0.03359375
1 0.83984375 0.49140625 0.0484375 0.05859375
0 0.82109375 0.37578125 0.06015625 0.10703125
0 0.684375 0.36484375 0.05078125 0.09296875
0 0.7609375 0.3375 0.03046875 0.065625
1 0.7390625 0.34765625 0.02890625 0.046875