0 0.5 0.82890625 0.153125 0.16640625
1 0.3125 0.56015625 0.090625 0.07109375
1 0.69140625 0.84609375 0.128125 0.16640625
1 0.19765625 0.56484375 0.10546875 0.0875
1 0.575 0.59765625 0.08203125 0.07890625
1 0.528125 0.4375 0.0453125 0.04140625
1 0.58515625 0.4375 0.0453125 0.04140625
1 0.83125 0.35 0.01953125 0.025
1 0.78984375 0.38515625 0.028125 0.02890625
1 0.84765625 0.47265625 0.04296875 0.04609375
1 0.80859375 0.55625 0.07109375 0.0875
0 0.8921875 0.6125 0.08515625 0.13359375
1 0.875 0.39609375 0.028125 0.03359375
1 0.74453125 0.34140625 0.0171875 0.01640625
0 0.715625 0.50234375 0.11953125 0.1875
1 0.69296875 0.36875 0.02265625 0.02109375
1 0.89609375 0.36015625 0.01953125 0.02890625
1 0.71328125 0.34375 0.028125 0.02109375
1 0.934375 0.33125 0.0171875 0.02109375
1 0.77265625 0.32890625 0.0171875 0.01640625
1 0.6546875 0.40625 0.03828125 0.03203125