1 0.75859375 0.74140625 0.1078125 0.14140625
1 0.53984375 0.45390625 0.05078125 0.04140625
1 0.92890625 0.41015625 0.034375 0.0375
1 0.765625 0.48359375 0.0484375 0.05859375
1 0.68046875 0.49140625 0.05390625 0.05859375
1 0.29296875 0.56484375 0.090625 0.07890625
1 0.56640625 0.75 0.128125 0.15
1 0.453125 0.45234375 0.05390625 0.04609375
1 0.82265625 0.575 0.07109375 0.09140625
1 0.871875 0.4 0.028125 0.03359375
1 0.91640625 0.5125 0.05390625 0.06640625
1 0.59375 0.40390625 0.034375 0.03359375
1 0.74296875 0.42890625 0.03671875 0.03359375
1 0.61328125 0.44375 0.0453125 0.04609375
1 0.78671875 0.3875 0.028125 0.03359375
1 0.61953125 0.37734375 0.028125 0.02890625
1 0.93046875 0.3625 0.01953125 0.025
0 0.83203125 0.37109375 0.05703125 0.09140625
1 0.67734375 0.36640625 0.02578125 0.025
1 0.85625 0.44765625 0.03671875 0.04609375
1 0.69453125 0.35234375 0.01953125 0.02109375
1 0.7484375 0.33359375 0.01953125 0.025