1 0.434375 0.475 0.05703125 0.05
1 0.29140625 0.50390625 0.07109375 0.05859375
1 0.9234375 0.40390625 0.028125 0.03359375
1 0.91796875 0.46484375 0.03984375 0.04609375
1 0.4875 0.42890625 0.04296875 0.04140625
1 0.82265625 0.53984375 0.05390625 0.0625
1 0.80703125 0.37109375 0.02265625 0.025
1 0.7796875 0.65 0.08203125 0.1
1 0.590625 0.41640625 0.03984375 0.04140625
1 0.840625 0.48515625 0.0453125 0.04609375
1 0.859375 0.44375 0.03671875 0.0375
1 0.92890625 0.375 0.02265625 0.03359375
1 0.87890625 0.38984375 0.02578125 0.0375
1 0.7171875 0.36640625 0.02578125 0.025
1 0.6734375 0.50390625 0.0625 0.06640625
1 0.846875 0.3625 0.02265625 0.025
1 0.13046875 0.94296875 0.2609375 0.1046875
0 0.871875 0.31640625 0.02265625 0.03359375
0 0.8609375 0.34375 0.034375 0.02890625
0 0.2453125 0.9703125 0.27109375 0.05078125
1 0.76875 0.35546875 0.03203125 0.028125