1 0.7484375 0.74609375 0.0984375 0.1484375
0 0.7 0.35859375 0.05390625 0.075
1 0.4046875 0.7375 0.14453125 0.14140625
0 0.18828125 0.9453125 0.3546875 0.109375
1 0.06640625 0.7328125 0.1328125 0.159375
1 0.43984375 0.45625 0.0546875 0.06875
1 0.5234375 0.49609375 0.0734375 0.08125
1 0.8421875 0.4890625 0.05078125 0.0671875
1 0.7609375 0.421875 0.0375 0.03984375
1 0.6375 0.3890625 0.03046875 0.0390625
1 0.9171875 0.421875 0.03515625 0.03984375
1 0.87265625 0.40859375 0.04609375 0.0375
1 0.7984375 0.3796875 0.0359375 0.0390625