1 0.73515625 0.853125 0.1359375 0.18359375
0 0.9078125 0.25390625 0.09921875 0.05
1 0.9046875 0.77578125 0.12421875 0.16796875
1 0.76015625 0.6796875 0.09921875 0.11953125
1 0.58125 0.70625 0.1109375 0.1296875
1 0.57265625 0.596875 0.090625 0.08828125
1 0.42578125 0.5546875 0.08203125 0.08203125
1 0.2984375 0.5703125 0.09765625 0.0859375
1 0.11171875 0.578125 0.11640625 0.09609375
1 0.32421875 0.51328125 0.0765625 0.06328125
1 0.39140625 0.47109375 0.06015625 0.0578125
1 0.5765625 0.43671875 0.05234375 0.05
1 0.665625 0.50546875 0.05625 0.06171875
1 0.7359375 0.51640625 0.06171875 0.06171875
1 0.8015625 0.596875 0.06328125 0.09140625
1 0.9140625 0.55 0.0609375 0.08203125
1 0.84140625 0.54375 0.0515625 0.07265625
1 0.92109375 0.48203125 0.05 0.06171875
1 0.84765625 0.4703125 0.05390625 0.05234375
1 0.76171875 0.41640625 0.03671875 0.05
1 0.63046875 0.43828125 0.03828125 0.0484375