1 0.20703125 0.5375 0.090625 0.075
1 0.89453125 0.71875 0.096875 0.1375
1 0.77421875 0.60234375 0.08828125 0.09609375
1 0.58203125 0.71015625 0.11328125 0.12890625
1 0.82265625 0.5125 0.05390625 0.06640625
1 0.91328125 0.51875 0.05390625 0.0625
1 0.85390625 0.46015625 0.04296875 0.04609375
1 0.69453125 0.475 0.05390625 0.05859375
1 0.53828125 0.40859375 0.03671875 0.03359375
1 0.8265625 0.39609375 0.028125 0.03359375
1 0.92734375 0.41484375 0.03125 0.0375
1 0.80546875 0.375 0.02578125 0.025
1 0.66171875 0.36484375 0.0171875 0.02109375
1 0.56640625 0.47109375 0.05390625 0.05
1 0.59921875 0.96484375 0.16484375 0.0625
1 0.88671875 0.36875 0.02265625 0.02890625
1 0.83515625 0.34375 0.0171875 0.02109375
1 0.92734375 0.35859375 0.01953125 0.025
1 0.72265625 0.3625 0.02578125 0.025
1 0.85546875 0.35625 0.0171875 0.02109375
1 0.16171875 0.68515625 0.17578125 0.1625
1 0.71875 0.33984375 0.0171875 0.02109375
1 0.90078125 0.34765625 0.0171875 0.02109375
1 0.87109375 0.39765625 0.02578125 0.0375
0 0.61796875 0.39765625 0.08515625 0.0875
0 0.04921875 0.66953125 0.0984375 0.19453125