1 0.83984375 0.5125 0.0484375 0.05859375
1 0.72265625 0.78515625 0.11640625 0.14609375
1 0.80078125 0.58359375 0.0625 0.08359375
1 0.61328125 0.37734375 0.028125 0.02890625
1 0.74453125 0.49140625 0.05078125 0.05859375
1 0.86328125 0.45 0.03984375 0.04140625
1 0.81953125 0.40859375 0.03125 0.03359375
1 0.6546875 0.36484375 0.02578125 0.02109375
1 0.60234375 0.4125 0.034375 0.03359375
1 0.7515625 0.42890625 0.03671875 0.04140625
0 0.909375 0.54140625 0.06796875 0.10859375
1 0.92578125 0.36875 0.02265625 0.02890625
1 0.88046875 0.38515625 0.028125 0.02890625
1 0.7046875 0.37265625 0.028125 0.02890625
1 0.0640625 0.62890625 0.128125 0.1
1 0.83671875 0.38359375 0.02578125 0.025
1 0.51953125 0.43515625 0.05078125 0.04609375
0 0.32265625 0.51875 0.190625 0.19609375
1 0.85625 0.35859375 0.01953125 0.025
1 0.56796875 0.47265625 0.05078125 0.05390625
1 0.89375 0.35390625 0.01953125 0.025
1 0.81640625 0.35859375 0.01953125 0.025
0 0.225 0.9359375 0.45 0.128125
0 0.74765625 0.33203125 0.0328125 0.04296875