1 0.58671875 0.575 0.08203125 0.08359375
1 0.88203125 0.8625 0.121875 0.18359375
1 0.778125 0.62265625 0.0796875 0.0875
1 0.4546875 0.4875 0.0625 0.05859375
1 0.52265625 0.5 0.05703125 0.05859375
1 0.13046875 0.56875 0.1078125 0.07890625
1 0.90234375 0.55859375 0.065625 0.08359375
1 0.4828125 0.45234375 0.0453125 0.04609375
1 0.83359375 0.4875 0.0484375 0.05859375
1 0.07265625 0.73359375 0.14453125 0.15859375
1 0.7640625 0.35390625 0.0171875 0.01640625
1 0.734375 0.35625 0.01953125 0.02109375
1 0.86953125 0.42265625 0.034375 0.04609375
1 0.78125 0.38984375 0.028125 0.02890625
0 0.8296875 0.37109375 0.03984375 0.075
1 0.92734375 0.35 0.01953125 0.025
0 0.7515625 0.46484375 0.09375 0.12890625
0 0.921875 0.4125 0.03671875 0.05859375
0 0.7984375 0.32265625 0.0171875 0.02890625
0 0.63671875 0.39140625 0.059375 0.07265625
1 0.68203125 0.35 0.0234375 0.028125