1 0.41796875 0.51015625 0.06796875 0.0625
1 0.9234375 0.4625 0.0453125 0.05
1 0.6375 0.51875 0.065625 0.07109375
1 0.7015625 0.87265625 0.13671875 0.1875
1 0.86796875 0.92890625 0.16171875 0.13359375
1 0.6875 0.56875 0.05078125 0.07890625
1 0.56640625 0.41875 0.03671875 0.0375
1 0.92734375 0.3625 0.01953125 0.025
0 0.87109375 0.41875 0.059375 0.10390625
0 0.77734375 0.58984375 0.14453125 0.2625
1 0.68203125 0.38359375 0.028125 0.03359375
1 0.03515625 0.684375 0.0703125 0.1125
1 0.79375 0.38125 0.02578125 0.02890625
0 0.79140625 0.42890625 0.0484375 0.06640625
0 0.7328125 0.33515625 0.03984375 0.04609375