1 0.90078125 0.61640625 0.07421875 0.09140625
1 0.4984375 0.50859375 0.07109375 0.06640625
1 0.8 0.59375 0.0765625 0.10390625
1 0.8421875 0.48984375 0.0484375 0.05390625
1 0.921875 0.43359375 0.03125 0.04140625
1 0.85625 0.44140625 0.03671875 0.04140625
1 0.79140625 0.44375 0.03671875 0.0375
1 0.22578125 0.56484375 0.09921875 0.07109375
1 0.7828125 0.39609375 0.03125 0.03359375
1 0.8765625 0.39140625 0.03125 0.03359375
1 0.70703125 0.35859375 0.02265625 0.025
1 0.72734375 0.44140625 0.03984375 0.04140625
1 0.83828125 0.37890625 0.02265625 0.025
0 0.6546875 0.57109375 0.1734375 0.25
1 0.82421875 0.35859375 0.0171875 0.01640625
1 0.83828125 0.34375 0.0171875 0.02109375
1 0.7484375 0.34765625 0.01953125 0.02109375
1 0.6265625 0.41015625 0.03671875 0.0375
1 0.075 0.6640625 0.15 0.146875
1 0.92734375 0.38125 0.03125 0.02890625
1 0.85546875 0.3625 0.0171875 0.01640625
1 0.64453125 0.38359375 0.028125 0.025
1 0.196875 0.5359375 0.0984375 0.07421875