1 0.41484375 0.92265625 0.19921875 0.14609375
1 0.9203125 0.46640625 0.03984375 0.05
1 0.80703125 0.57734375 0.06796875 0.0875
1 0.66640625 0.41484375 0.03671875 0.0375
1 0.86953125 0.82734375 0.11328125 0.17109375
1 0.48046875 0.46484375 0.05703125 0.04609375
1 0.58203125 0.57890625 0.08515625 0.08359375
1 0.62890625 0.375 0.02578125 0.025
1 0.846875 0.47890625 0.0453125 0.05
1 0.6125 0.42109375 0.03671875 0.03359375
1 0.49453125 0.42890625 0.0453125 0.03359375
1 0.9234375 0.4 0.034375 0.03359375
1 0.7484375 0.5 0.05390625 0.05859375
1 0.89375 0.3625 0.01953125 0.025
1 0.5796875 0.4125 0.034375 0.03359375
1 0.93359375 0.37109375 0.02578125 0.025
1 0.70703125 0.37109375 0.02265625 0.025
1 0.72265625 0.35 0.01953125 0.025
1 0.77734375 0.34765625 0.01953125 0.02109375
0 0.86953125 0.4125 0.0453125 0.075
1 0.721875 0.43984375 0.0453125 0.05390625
0 0.85234375 0.35 0.034375 0.05
0 0.815625 0.39140625 0.0453125 0.06640625
0 0.88046875 0.3125 0.028125 0.04140625