1 0.33125 0.5125 0.0765625 0.075
1 0.4671875 0.4875 0.065625 0.05859375
1 0.91640625 0.44609375 0.03671875 0.04140625
1 0.5140625 0.41875 0.03984375 0.0375
1 0.78125 0.39140625 0.028125 0.03359375
1 0.7203125 0.44765625 0.04296875 0.04609375
1 0.90078125 0.65234375 0.0796875 0.10390625
1 0.746875 0.49765625 0.05078125 0.0625
1 0.85390625 0.45390625 0.03671875 0.04140625
1 0.12890625 0.56875 0.09921875 0.07109375
1 0.7375 0.35625 0.01953125 0.02109375
1 0.08828125 0.73515625 0.17578125 0.15390625
1 0.83984375 0.34375 0.01953125 0.02109375
1 0.825 0.39609375 0.02578125 0.03359375
1 0.871875 0.39765625 0.028125 0.02890625
1 0.8140625 0.36015625 0.01953125 0.02109375
1 0.7 0.36015625 0.01953125 0.02109375
1 0.7 0.39140625 0.02578125 0.03359375
1 0.85390625 0.36015625 0.01953125 0.02109375
1 0.753125 0.3375 0.0171875 0.01640625
1 0.92890625 0.36875 0.028125 0.0375