1 0.91328125 0.49609375 0.0484375 0.05859375
1 0.73125 0.43984375 0.03671875 0.0375
1 0.81640625 0.57265625 0.07109375 0.07890625
1 0.37109375 0.5 0.065625 0.05859375
1 0.8609375 0.44375 0.03984375 0.04609375
1 0.434375 0.54765625 0.0796875 0.07109375
1 0.91875 0.43984375 0.03671875 0.04609375
1 0.55390625 0.59765625 0.090625 0.0875
1 0.878125 0.38984375 0.028125 0.0375
1 0.921875 0.39765625 0.03125 0.0375
1 0.60234375 0.45859375 0.0453125 0.04140625
1 0.89375 0.35859375 0.01953125 0.03359375
0 0.78828125 0.42265625 0.059375 0.09609375
0 0.653125 0.38359375 0.0453125 0.06640625
0 0.72890625 0.34765625 0.03671875 0.0375
0 0.86484375 0.33125 0.03125 0.04609375
0 0.559375 0.83515625 0.41484375 0.32109375
0 0.909375 0.32265625 0.02265625 0.04609375