1 0.90234375 0.51015625 0.0484375 0.0625
1 0.77421875 0.40234375 0.03125 0.02890625
1 0.73984375 0.51015625 0.059375 0.0625
1 0.440625 0.49765625 0.05703125 0.05390625
1 0.5625 0.75859375 0.13671875 0.15
1 0.86484375 0.42890625 0.03671875 0.04140625
1 0.56953125 0.43984375 0.04296875 0.0375
1 0.89453125 0.63125 0.0796875 0.09609375
1 0.7953125 0.61015625 0.07421875 0.0875
1 0.9234375 0.42109375 0.034375 0.04140625
1 0.628125 0.94765625 0.1875 0.09609375
1 0.8296875 0.51015625 0.05703125 0.0625
1 0.68203125 0.37109375 0.028125 0.025
1 0.88046875 0.37265625 0.02265625 0.02890625
1 0.828125 0.38515625 0.02578125 0.02890625
1 0.92578125 0.36484375 0.02265625 0.02890625
1 0.6375 0.42890625 0.04296875 0.05
0 0.08515625 0.64375 0.1703125 0.1625
0 0.89765625 0.33359375 0.028125 0.05859375
1 0.7828125 0.32734375 0.01953125 0.02109375
1 0.74296875 0.35 0.01953125 0.01640625