1 0.77265625 0.67109375 0.090625 0.10859375
1 0.778125 0.39609375 0.028125 0.03359375
1 0.909375 0.56015625 0.0625 0.07109375
1 0.80390625 0.41875 0.034375 0.0375
1 0.71328125 0.54609375 0.06796875 0.075
1 0.67890625 0.85390625 0.13671875 0.2
1 0.91328125 0.46015625 0.03671875 0.04609375
1 0.5296875 0.43125 0.04296875 0.0375
1 0.58125 0.39609375 0.02578125 0.03359375
1 0.71875 0.45 0.05078125 0.05859375
1 0.82109375 0.53515625 0.0625 0.07109375
1 0.925 0.38125 0.02578125 0.02890625
1 0.83671875 0.38359375 0.02578125 0.025
0 0.83828125 0.46875 0.05703125 0.10390625
0 0.26171875 0.53984375 0.23828125 0.20390625
0 0.625 0.39140625 0.06796875 0.09140625
1 0.921875 0.42734375 0.03125 0.0375
1 0.871875 0.41640625 0.028125 0.03359375
1 0.82421875 0.35625 0.0171875 0.02109375
1 0.69921875 0.35859375 0.028125 0.025
1 0.8765625 0.39375 0.02578125 0.02890625
1 0.6015625 0.45546875 0.04296875 0.05625
1 0.15 0.56640625 0.05625 0.05546875