1 0.903125 0.56015625 0.05703125 0.07890625
1 0.88515625 0.74765625 0.09375 0.1375
1 0.60078125 0.40390625 0.03671875 0.03359375
1 0.64765625 0.41875 0.034375 0.0375
1 0.92734375 0.38125 0.02578125 0.02890625
1 0.690625 0.37890625 0.028125 0.025
1 0.64609375 0.9375 0.16796875 0.11640625
1 0.80546875 0.37109375 0.02578125 0.025
1 0.496875 0.475 0.05703125 0.05
1 0.53125 0.40859375 0.03984375 0.04140625
1 0.8578125 0.43515625 0.034375 0.04609375
0 0.66484375 0.55234375 0.17578125 0.27890625
0 0.80234375 0.55625 0.08203125 0.1375
1 0.7484375 0.42109375 0.03125 0.04140625
1 0.921875 0.42109375 0.03125 0.03359375
0 0.890625 0.34765625 0.03125 0.05390625
0 0.84921875 0.35625 0.02265625 0.0375
0 0.8453125 0.47265625 0.06484375 0.07265625
1 0.76875 0.34375 0.021875 0.02890625
0 0.02734375 0.63984375 0.05390625 0.27890625