1 0.80078125 0.56875 0.06796875 0.07890625
1 0.9046875 0.6 0.0765625 0.09140625
1 0.2484375 0.52109375 0.08203125 0.06640625
1 0.07421875 0.625 0.13046875 0.09140625
1 0.84765625 0.46015625 0.03671875 0.04609375
1 0.43203125 0.53515625 0.0796875 0.07890625
1 0.5765625 0.58984375 0.08515625 0.0875
1 0.59921875 0.38984375 0.034375 0.02890625
1 0.47421875 0.4375 0.0453125 0.04140625
1 0.871875 0.40625 0.028125 0.02890625
1 0.6734375 0.4125 0.028125 0.03359375
1 0.67578125 0.92265625 0.153125 0.14609375
1 0.8109375 0.41484375 0.03125 0.0375
1 0.83359375 0.38359375 0.02578125 0.03359375
1 0.60546875 0.45 0.0453125 0.05
0 0.921875 0.475 0.05390625 0.1
1 0.54140625 0.42890625 0.0484375 0.05
1 0.73125 0.375 0.02578125 0.025
0 0.25859375 0.82109375 0.51171875 0.35
1 0.796875 0.33125 0.0140625 0.0125