1 0.69921875 0.47734375 0.05078125 0.05390625
1 0.80703125 0.42734375 0.034375 0.0375
1 0.91484375 0.48359375 0.0453125 0.05859375
1 0.60390625 0.40234375 0.03125 0.02890625
1 0.925 0.42734375 0.03671875 0.0375
1 0.78125 0.65 0.0796875 0.1
1 0.83515625 0.49140625 0.0453125 0.06640625
1 0.63359375 0.36875 0.02265625 0.02890625
1 0.79375 0.38359375 0.02578125 0.025
1 0.83203125 0.39375 0.028125 0.02890625
1 0.925 0.37734375 0.02578125 0.02890625
1 0.86484375 0.43984375 0.03671875 0.0375
1 0.8734375 0.39765625 0.02578125 0.02890625
1 0.67578125 0.36875 0.02265625 0.02890625
1 0.8625 0.34609375 0.01953125 0.01640625
1 0.89453125 0.35234375 0.0171875 0.02109375
1 0.87109375 0.82734375 0.11640625 0.22890625
1 0.88515625 0.375 0.02578125 0.025
1 0.8453125 0.36640625 0.01953125 0.025
1 0.703125 0.39140625 0.02578125 0.03359375
1 0.76171875 0.34609375 0.0171875 0.01640625
1 0.7375 0.3375 0.01953125 0.01640625
1 0.57109375 0.46640625 0.05078125 0.05859375
1 0.7 0.36015625 0.01953125 0.02109375
1 0.79140625 0.32890625 0.0140625 0.01640625
1 0.8734375 0.33359375 0.0140625 0.01640625
1 0.8453125 0.33984375 0.0140625 0.02109375
0 0.92890625 0.35 0.02265625 0.03359375