1 0.8140625 0.58515625 0.07109375 0.07890625
1 0.30078125 0.52890625 0.07421875 0.06640625
1 0.85234375 0.44609375 0.03984375 0.04140625
1 0.7171875 0.45234375 0.04296875 0.04609375
1 0.4546875 0.46484375 0.05078125 0.04609375
1 0.7328125 0.79765625 0.11953125 0.14609375
1 0.38046875 0.47265625 0.05078125 0.04609375
1 0.671875 0.3875 0.03125 0.025
1 0.921875 0.4625 0.04296875 0.05
1 0.7671875 0.40859375 0.028125 0.03359375
1 0.63046875 0.43359375 0.0453125 0.04140625
1 0.88046875 0.39140625 0.02265625 0.025
1 0.7375 0.34609375 0.01953125 0.01640625
1 0.59921875 0.41015625 0.034375 0.02109375
1 0.71328125 0.34375 0.0171875 0.02109375
1 0.92578125 0.37734375 0.02265625 0.02890625
0 0.62109375 0.61640625 0.184375 0.225
1 0.89375 0.37265625 0.01953125 0.02890625
0 0.8203125 0.39375 0.05234375 0.0828125