1 0.41171875 0.45859375 0.05703125 0.05
1 0.7203125 0.45390625 0.04296875 0.04140625
1 0.58203125 0.41015625 0.028125 0.02890625
1 0.25 0.52890625 0.08515625 0.05859375
1 0.69140625 0.55859375 0.065625 0.075
0 0.68203125 0.81015625 0.19296875 0.35390625
0 0.85234375 0.35234375 0.028125 0.04609375
0 0.515625 0.4578125 0.10625 0.09375
0 0.84296875 0.46875 0.10078125 0.1515625
0 0.81328125 0.39375 0.0546875 0.0953125
1 0.69453125 0.37890625 0.03125 0.03046875
1 0.66796875 0.3640625 0.02578125 0.02421875