1 0.50859375 0.64765625 0.10234375 0.10390625
1 0.7640625 0.70625 0.096875 0.12109375
1 0.16875 0.61484375 0.121875 0.0875
1 0.609375 0.93515625 0.16796875 0.12109375
1 0.371875 0.58515625 0.090625 0.07890625
1 0.5328125 0.41640625 0.03671875 0.03359375
1 0.8765625 0.3875 0.02578125 0.025
1 0.7828125 0.39375 0.03125 0.02890625
1 0.846875 0.48359375 0.0453125 0.05
1 0.91875 0.44609375 0.03125 0.04140625
1 0.8890625 0.35625 0.0171875 0.02109375
1 0.5921875 0.45234375 0.0484375 0.04609375
1 0.71171875 0.35 0.01953125 0.025
1 0.921875 0.40859375 0.03125 0.03359375
0 0.753125 0.3375 0.034375 0.05
1 0.71328125 0.3875 0.02265625 0.025
1 0.90078125 0.33515625 0.0171875 0.02890625
1 0.878125 0.32109375 0.0171875 0.01640625
0 0.84765625 0.34609375 0.03671875 0.06640625
0 0.84765625 0.96484375 0.2015625 0.0625
0 0.85546875 0.29140625 0.01171875 0.025