1 0.71640625 0.821875 0.12421875 0.17265625
0 0.12578125 0.61015625 0.1953125 0.19609375
1 0.86953125 0.79453125 0.11015625 0.17734375
1 0.81484375 0.634375 0.0765625 0.10625
1 0.5109375 0.64375 0.10625 0.115625
1 0.26484375 0.5390625 0.0875 0.08828125
1 0.4765625 0.47578125 0.059375 0.071875
1 0.14296875 0.7078125 0.1625 0.1421875
1 0.54453125 0.4734375 0.06328125 0.071875
1 0.534375 0.425 0.05 0.0484375
1 0.59765625 0.43125 0.04296875 0.04296875
1 0.834375 0.4921875 0.05625 0.059375
1 0.81875 0.54765625 0.06953125 0.0765625
0 0.76640625 0.40625 0.04375 0.0671875
1 0.81015625 0.425 0.03828125 0.053125
1 0.9265625 0.44375 0.0546875 0.06328125
1 0.85 0.45 0.03359375 0.03359375