1 0.69296875 0.89609375 0.14765625 0.2
1 0.49140625 0.44609375 0.0453125 0.04140625
1 0.91015625 0.49609375 0.0484375 0.05859375
1 0.796875 0.58984375 0.065625 0.0875
1 0.60390625 0.41484375 0.03671875 0.0375
1 0.78515625 0.39375 0.02578125 0.02890625
1 0.10234375 0.66640625 0.14765625 0.10859375
1 0.83359375 0.49765625 0.05390625 0.0625
1 0.81796875 0.35625 0.02265625 0.02109375
1 0.878125 0.39140625 0.028125 0.03359375
1 0.7046875 0.37109375 0.02265625 0.025
1 0.684375 0.36875 0.0171875 0.02109375
1 0.72265625 0.35625 0.01953125 0.02109375
1 0.62890625 0.43125 0.04296875 0.04609375
1 0.7640625 0.34375 0.0171875 0.02109375
1 0.71015625 0.34375 0.0171875 0.02109375
1 0.8609375 0.44609375 0.03984375 0.04140625
1 0.8921875 0.35625 0.02265625 0.02890625
1 0.74453125 0.33125 0.0171875 0.02109375
1 0.92734375 0.36484375 0.01953125 0.02890625
1 0.92890625 0.33359375 0.02265625 0.03359375
0 0.72109375 0.50625 0.12578125 0.15859375