1 0.72421875 0.80390625 0.11953125 0.15
1 0.546875 0.60625 0.08828125 0.0875
1 0.69765625 0.5625 0.059375 0.075
1 0.60625 0.38359375 0.03125 0.025
1 0.9203125 0.40625 0.028125 0.0375
1 0.9203125 0.50390625 0.05078125 0.05859375
1 0.5125 0.42890625 0.04296875 0.03359375
1 0.77265625 0.40234375 0.034375 0.0375
1 0.66796875 0.3625 0.0171875 0.01640625
0 0.784375 0.57734375 0.13046875 0.24609375
1 0.80546875 0.37265625 0.02578125 0.02890625
1 0.878125 0.39140625 0.028125 0.03359375
0 0.7015625 0.35625 0.05703125 0.07109375
1 0.83515625 0.37890625 0.028125 0.025
1 0.85625 0.44609375 0.03671875 0.04140625
1 0.325 0.596875 0.10078125 0.11171875
1 0.35234375 0.53203125 0.0828125 0.0703125