1 0.6875 0.90390625 0.14765625 0.18359375
1 0.63359375 0.53515625 0.0625 0.07109375
1 0.75390625 0.72890625 0.1109375 0.13359375
1 0.79296875 0.63125 0.0796875 0.0875
1 0.91875 0.43984375 0.03125 0.0375
1 0.3140625 0.55625 0.09375 0.0875
1 0.81953125 0.53515625 0.059375 0.07890625
1 0.39921875 0.4625 0.05390625 0.05
1 0.8609375 0.42265625 0.034375 0.0375
1 0.878125 0.39375 0.028125 0.02890625
1 0.71484375 0.46015625 0.0484375 0.04609375
1 0.7515625 0.49140625 0.05390625 0.05859375
1 0.9078125 0.56875 0.065625 0.07890625
1 0.64609375 0.38515625 0.02578125 0.02109375
1 0.66484375 0.41640625 0.034375 0.04140625
0 0.59921875 0.41484375 0.05703125 0.07109375
1 0.92890625 0.40234375 0.034375 0.0375
1 0.69140625 0.375 0.02578125 0.025
1 0.27734375 0.85 0.21875 0.21640625
1 0.484375 0.46484375 0.059375 0.05390625
1 0.92578125 0.37265625 0.02265625 0.02890625
1 0.8890625 0.36015625 0.02265625 0.02109375
0 0.83828125 0.36640625 0.03984375 0.05859375
1 0.721875 0.37890625 0.02265625 0.025
1 0.8453125 0.4625 0.04296875 0.05
1 0.76171875 0.34609375 0.0171875 0.01640625
1 0.7875 0.384375 0.03515625 0.04140625