1 0.83671875 0.47734375 0.04296875 0.05390625
1 0.44453125 0.50390625 0.065625 0.05859375
1 0.328125 0.51875 0.07109375 0.0625
1 0.77265625 0.4625 0.05078125 0.05
1 0.08359375 0.61875 0.128125 0.0875
1 0.91328125 0.50625 0.0484375 0.0625
1 0.58984375 0.40234375 0.03671875 0.02890625
1 0.621875 0.43515625 0.034375 0.0375
1 0.50390625 0.44375 0.0484375 0.04609375
1 0.91328125 0.45234375 0.03671875 0.04609375
1 0.81796875 0.35859375 0.02265625 0.025
0 0.86640625 0.4 0.05078125 0.1
0 0.67578125 0.3625 0.0453125 0.06640625
1 0.92578125 0.38125 0.02265625 0.02890625
1 0.63984375 0.52890625 0.08046875 0.08828125
1 0.72265625 0.809375 0.14609375 0.228125
0 0.22265625 0.90390625 0.33828125 0.19140625