1 0.7359375 0.4375 0.03984375 0.04140625
1 0.89453125 0.6625 0.08515625 0.10859375
1 0.91796875 0.49609375 0.05078125 0.05859375
1 0.65625 0.38515625 0.028125 0.02890625
1 0.8734375 0.40859375 0.03125 0.03359375
1 0.68046875 0.59765625 0.0765625 0.0875
1 0.36796875 0.76875 0.15625 0.14609375
1 0.78515625 0.62109375 0.08828125 0.10859375
1 0.85625 0.35859375 0.01953125 0.025
1 0.83359375 0.50859375 0.0484375 0.06640625
1 0.79375 0.45 0.04296875 0.04140625
1 0.92578125 0.40390625 0.028125 0.03359375
1 0.80390625 0.38359375 0.028125 0.025
1 0.5328125 0.49609375 0.065625 0.05859375
1 0.128125 0.63515625 0.13046875 0.10390625
1 0.69296875 0.39609375 0.028125 0.03359375
1 0.88671875 0.37265625 0.028125 0.02890625
1 0.0609375 0.77265625 0.121875 0.17109375
1 0.7515625 0.35234375 0.01953125 0.02109375
1 0.92734375 0.3625 0.01953125 0.03359375
1 0.778125 0.34609375 0.0171875 0.01640625
1 0.53828125 0.44765625 0.0484375 0.04609375
1 0.840625 0.34140625 0.0171875 0.01640625
1 0.903125 0.33984375 0.0171875 0.02109375