0 0.734375 0.48125 0.11640625 0.1625
1 0.0640625 0.66640625 0.128125 0.11640625
0 0.72734375 0.715625 0.18828125 0.3359375
1 0.6171875 0.54609375 0.0734375 0.08203125
1 0.90234375 0.6140625 0.071875 0.1125
1 0.8234375 0.53203125 0.05859375 0.07890625
1 0.8453125 0.465625 0.04921875 0.06484375
1 0.88828125 0.42109375 0.040625 0.04609375
1 0.61953125 0.4125 0.040625 0.04296875
1 0.60078125 0.38671875 0.03359375 0.03671875
1 0.50625 0.440625 0.05 0.04296875
1 0.47109375 0.4890625 0.05234375 0.0703125
1 0.51875 0.50078125 0.05625 0.05703125