1 0.58515625 0.57734375 0.0796875 0.07890625
1 0.72734375 0.78515625 0.1078125 0.14609375
1 0.175 0.58359375 0.10546875 0.08359375
1 0.84375 0.47890625 0.0453125 0.05
1 0.6890625 0.36015625 0.01953125 0.02109375
1 0.4375 0.4625 0.05078125 0.04140625
1 0.78984375 0.38515625 0.028125 0.02890625
1 0.82109375 0.35859375 0.0171875 0.025
1 0.86484375 0.40625 0.03125 0.02890625
1 0.8140625 0.53984375 0.065625 0.0875
1 0.6234375 0.4375 0.04296875 0.04140625
1 0.54296875 0.42109375 0.03984375 0.03359375
1 0.8921875 0.35625 0.0171875 0.02109375
1 0.403125 0.55859375 0.08515625 0.075
1 0.66640625 0.39140625 0.03125 0.03359375
1 0.88359375 0.38515625 0.02265625 0.02890625
1 0.73046875 0.34609375 0.0171875 0.01640625
0 0.7671875 0.45625 0.05703125 0.0875
1 0.746875 0.33984375 0.0171875 0.02109375
1 0.86328125 0.9625 0.153125 0.05859375
1 0.80859375 0.4125 0.03125 0.03359375
1 0.7171875 0.35 0.08828125 0.06640625
0 0.43984375 0.8828125 0.17578125 0.2265625