1 0.70859375 0.55625 0.07109375 0.07109375
1 0.80390625 0.59375 0.07421875 0.0875
1 0.7671875 0.41015625 0.028125 0.02890625
1 0.90234375 0.59375 0.07109375 0.09609375
0 0.8453125 0.44765625 0.065625 0.12890625
1 0.7203125 0.35234375 0.01953125 0.02109375
1 0.92734375 0.38125 0.02578125 0.02890625
1 0.7984375 0.37734375 0.02265625 0.02890625
0 0.5953125 0.38984375 0.059375 0.07109375
1 0.75390625 0.34609375 0.01953125 0.01640625
1 0.80859375 0.43125 0.01953125 0.0375
1 0.67578125 0.49765625 0.05703125 0.0625
1 0.86953125 0.33515625 0.0171875 0.02109375
1 0.89921875 0.34140625 0.0140625 0.01640625
1 0.88515625 0.37265625 0.01953125 0.0375
0 0.83203125 0.33984375 0.02265625 0.0375
0 0.80703125 0.3125 0.02265625 0.03359375
1 0.13671875 0.9453125 0.26015625 0.10078125