1 0.88359375 0.81796875 0.11328125 0.1734375
0 0.28125 0.49765625 0.19296875 0.17890625
0 0.65078125 0.60390625 0.11953125 0.18359375
0 0.78828125 0.42265625 0.0765625 0.128125
1 0.76484375 0.7265625 0.11171875 0.15
1 0.83671875 0.5125 0.06171875 0.06328125
1 0.51875 0.64296875 0.109375 0.121875
1 0.63125 0.3984375 0.053125 0.071875
1 0.57578125 0.428125 0.05 0.0484375
1 0.34453125 0.55078125 0.10234375 0.08828125
1 0.92265625 0.47265625 0.05625 0.059375
1 0.85859375 0.43671875 0.03984375 0.05390625