1 0.7953125 0.60234375 0.07421875 0.0875
1 0.88515625 0.73125 0.09375 0.12890625
1 0.8 0.43125 0.03671875 0.0375
1 0.59765625 0.56875 0.0765625 0.07109375
1 0.53671875 0.76015625 0.13046875 0.14609375
1 0.73125 0.52265625 0.059375 0.0625
1 0.75390625 0.41875 0.03671875 0.0375
1 0.91328125 0.4375 0.03671875 0.04140625
1 0.42890625 0.47265625 0.05703125 0.05390625
1 0.83671875 0.49375 0.0484375 0.05390625
1 0.496875 0.51015625 0.06796875 0.07109375
1 0.08203125 0.753125 0.1640625 0.140625
1 0.67890625 0.91640625 0.159375 0.15859375
1 0.86640625 0.43359375 0.034375 0.03359375
1 0.925 0.37265625 0.02578125 0.0375
1 0.878125 0.38359375 0.02265625 0.025
0 0.715625 0.34609375 0.02265625 0.03359375
1 0.69609375 0.37109375 0.028125 0.03359375
1 0.89609375 0.36015625 0.01953125 0.02890625
1 0.875 0.32734375 0.0171875 0.02109375
0 0.7828125 0.31875 0.01953125 0.02109375
0 0.91015625 0.525 0.065625 0.09140625
0 0.6125 0.39296875 0.0515625 0.065625
1 0.66328125 0.39296875 0.03359375 0.04375