1 0.91171875 0.48984375 0.05078125 0.0625
1 0.72421875 0.8 0.125 0.16640625
1 0.53671875 0.41015625 0.034375 0.0375
1 0.90078125 0.725 0.090625 0.125
1 0.846875 0.48359375 0.0453125 0.05
1 0.57421875 0.4125 0.034375 0.03359375
1 0.11328125 0.96015625 0.221875 0.07109375
1 0.403125 0.5125 0.07421875 0.06640625
1 0.78984375 0.38515625 0.028125 0.02890625
1 0.67734375 0.40859375 0.03671875 0.03359375
1 0.8765625 0.40390625 0.03125 0.04140625
1 0.8921875 0.35625 0.02265625 0.02890625
1 0.7171875 0.35859375 0.03125 0.025
1 0.925 0.38359375 0.02578125 0.03359375
1 0.80234375 0.56640625 0.065625 0.075
1 0.83984375 0.37109375 0.02578125 0.03359375
1 0.73984375 0.34375 0.01953125 0.02109375
1 0.63515625 0.40625 0.03671875 0.0375
0 0.084375 0.5984375 0.16875 0.24296875
1 0.63984375 0.38046875 0.04375 0.03203125