1 0.9078125 0.65234375 0.08203125 0.10390625
1 0.265625 0.5375 0.08828125 0.075
1 0.91796875 0.49765625 0.05078125 0.0625
1 0.75546875 0.71484375 0.10234375 0.12890625
1 0.8453125 0.47109375 0.0484375 0.05
1 0.80078125 0.57109375 0.06796875 0.08359375
1 0.39765625 0.46015625 0.0625 0.05390625
1 0.7015625 0.55 0.06796875 0.075
1 0.59765625 0.5625 0.0765625 0.08359375
1 0.7484375 0.35234375 0.01953125 0.02109375
1 0.48828125 0.83359375 0.159375 0.18359375
1 0.621875 0.41640625 0.034375 0.03359375
1 0.70703125 0.37109375 0.02265625 0.025
1 0.91796875 0.40859375 0.028125 0.04140625
1 0.60625 0.45625 0.04296875 0.04609375
1 0.77578125 0.4 0.034375 0.03359375
1 0.765625 0.4875 0.04296875 0.05
1 0.8 0.375 0.01953125 0.025
1 0.7046875 0.34765625 0.0171875 0.02109375
1 0.659375 0.36015625 0.02265625 0.02890625
1 0.67578125 0.37109375 0.02265625 0.025
1 0.80859375 0.41015625 0.03671875 0.04609375
1 0.86484375 0.41015625 0.03125 0.0375
0 0.846875 0.35546875 0.0453125 0.065625