1 0.7 0.83125 0.13359375 0.17890625
1 0.6125 0.54609375 0.07109375 0.06640625
1 0.90234375 0.57890625 0.07109375 0.08359375
1 0.42734375 0.73359375 0.1390625 0.13359375
1 0.83203125 0.49140625 0.05078125 0.05859375
1 0.253125 0.63515625 0.11953125 0.10390625
1 0.9203125 0.45859375 0.03984375 0.05
1 0.79140625 0.59140625 0.0765625 0.09140625
1 0.58828125 0.41640625 0.03984375 0.04140625
1 0.121875 0.57265625 0.1078125 0.07890625
1 0.925 0.39375 0.02578125 0.0375
1 0.653125 0.42109375 0.034375 0.03359375
1 0.63671875 0.38515625 0.034375 0.0375
0 0.75703125 0.45625 0.09375 0.14609375
1 0.8296875 0.39375 0.02265625 0.02890625
0 0.3921875 0.51015625 0.1078125 0.10390625
0 0.8609375 0.40625 0.0453125 0.0875
1 0.809375 0.36484375 0.02265625 0.02890625
0 0.67578125 0.35234375 0.0453125 0.05390625
0 0.89609375 0.3375 0.03125 0.05859375
0 0.8625 0.33984375 0.03125 0.04609375