1 0.80390625 0.60859375 0.07421875 0.09140625
1 0.83828125 0.49765625 0.05078125 0.05390625
1 0.71875 0.85390625 0.125 0.16640625
1 0.721875 0.45390625 0.0453125 0.05
1 0.77265625 0.47109375 0.0453125 0.05859375
1 0.87890625 0.4 0.02578125 0.03359375
1 0.5796875 0.43125 0.0453125 0.04609375
1 0.86484375 0.425 0.03125 0.03359375
1 0.7203125 0.35234375 0.01953125 0.02109375
1 0.78515625 0.39140625 0.02578125 0.025
1 0.6890625 0.57890625 0.07109375 0.08359375
1 0.653125 0.38125 0.034375 0.02890625
1 0.74296875 0.35390625 0.01953125 0.025
1 0.425 0.725 0.13359375 0.13359375
1 0.92578125 0.37890625 0.02265625 0.025
1 0.89375 0.37109375 0.02578125 0.03359375
1 0.8625 0.34765625 0.01953125 0.02109375
1 0.78125 0.32109375 0.0171875 0.01640625
1 0.7015625 0.34609375 0.0171875 0.01640625
0 0.48125 0.4453125 0.11484375 0.11015625
0 0.83828125 0.38125 0.0421875 0.05078125
1 0.93515625 0.34765625 0.0296875 0.03046875