0 0.13046875 0.66875 0.2609375 0.2125
1 0.496875 0.45546875 0.05 0.04375
1 0.47265625 0.434375 0.04453125 0.034375
1 0.6359375 0.54609375 0.0734375 0.0859375
1 0.7390625 0.51015625 0.0515625 0.06171875
1 0.83515625 0.5171875 0.06015625 0.0640625
1 0.91015625 0.5328125 0.06171875 0.08046875
1 0.7703125 0.67421875 0.090625 0.128125
1 0.86171875 0.4359375 0.0375 0.04453125
1 0.92265625 0.4125 0.03203125 0.03671875
1 0.88046875 0.38984375 0.0328125 0.03828125
1 0.81328125 0.41484375 0.04609375 0.04609375
1 0.7984375 0.37890625 0.0328125 0.0375
1 0.65546875 0.4234375 0.03359375 0.04765625
1 0.6109375 0.39609375 0.0359375 0.03203125
1 0.6859375 0.38125 0.040625 0.03828125