1 0.3734375 0.53515625 0.08203125 0.0625
1 0.0765625 0.675 0.14765625 0.11640625
1 0.80703125 0.55234375 0.0625 0.07109375
1 0.90078125 0.55 0.0625 0.075
1 0.62109375 0.54375 0.07109375 0.07109375
1 0.48125 0.86015625 0.16171875 0.17109375
1 0.75703125 0.48984375 0.05390625 0.05390625
1 0.39375 0.46484375 0.05390625 0.04609375
1 0.534375 0.49140625 0.0625 0.05859375
1 0.76953125 0.40859375 0.034375 0.03359375
1 0.91640625 0.46640625 0.04296875 0.05
1 0.87890625 0.83359375 0.128125 0.2
1 0.92890625 0.34765625 0.0171875 0.02109375
1 0.9234375 0.39140625 0.028125 0.03359375
1 0.88359375 0.38515625 0.028125 0.02890625
1 0.83125 0.50859375 0.0484375 0.05859375
1 0.83671875 0.38125 0.02578125 0.02890625
1 0.859375 0.35 0.01953125 0.025
1 0.86953125 0.41875 0.034375 0.0375
1 0.82265625 0.35625 0.01953125 0.02890625
0 0.69140625 0.76640625 0.16171875 0.275
1 0.8421875 0.47109375 0.04296875 0.03359375
1 0.89375 0.35390625 0.01953125 0.025
0 0.72734375 0.34140625 0.0453125 0.0546875
1 0.72734375 0.384375 0.0375 0.0375