0 0.6390625 0.38359375 0.06796875 0.09140625
1 0.65390625 0.521875 0.0734375 0.07265625
1 0.775 0.7359375 0.1140625 0.16171875
1 0.2734375 0.89609375 0.21875 0.19921875
1 0.06328125 0.690625 0.12421875 0.14140625
1 0.409375 0.51875 0.07421875 0.07890625
1 0.575 0.46953125 0.0546875 0.0671875
1 0.77421875 0.465625 0.05 0.05546875
1 0.84921875 0.46796875 0.0546875 0.06015625
1 0.9125 0.4828125 0.0484375 0.0625
1 0.92109375 0.41171875 0.03671875 0.0359375
1 0.86640625 0.42109375 0.034375 0.03671875
1 0.740625 0.43203125 0.03984375 0.05
1 0.7109375 0.39140625 0.02890625 0.034375
1 0.78671875 0.39453125 0.03671875 0.0390625
1 0.8453125 0.3734375 0.028125 0.02890625
0 0.73828125 0.353125 0.02890625 0.03515625
1 0.89296875 0.36640625 0.0296875 0.02890625
1 0.9328125 0.37109375 0.02890625 0.03515625