1 0.628125 0.93984375 0.1703125 0.1125
0 0.859375 0.90625 0.1390625 0.17890625
0 0.1390625 0.56640625 0.278125 0.225
1 0.91640625 0.475 0.04296875 0.05
1 0.92578125 0.42265625 0.034375 0.0375
1 0.825 0.35859375 0.01953125 0.025
1 0.765625 0.4125 0.03125 0.03359375
1 0.91875 0.59609375 0.065625 0.08359375
1 0.73828125 0.35390625 0.02265625 0.025
0 0.8 0.575 0.1390625 0.25
1 0.8421875 0.33984375 0.0140625 0.02109375
1 0.9234375 0.38125 0.02265625 0.02890625
0 0.4078125 0.5234375 0.1171875 0.12890625
0 0.6859375 0.46640625 0.059375 0.08359375
0 0.86640625 0.4 0.05078125 0.09140625
0 0.48671875 0.4640625 0.08046875 0.09765625
0 0.68671875 0.375 0.06640625 0.08515625