1 0.78515625 0.6375 0.0765625 0.09140625
1 0.67578125 0.89140625 0.1421875 0.19140625
1 0.0453125 0.6375 0.090625 0.11640625
1 0.83125 0.525 0.05390625 0.06640625
1 0.54375 0.60234375 0.08828125 0.09609375
1 0.92734375 0.37265625 0.02578125 0.02890625
0 0.5484375 0.425 0.096875 0.11640625
1 0.84921875 0.46484375 0.0453125 0.05390625
1 0.61640625 0.43984375 0.0453125 0.04609375
1 0.809375 0.36875 0.02265625 0.02109375
1 0.9234375 0.41484375 0.034375 0.0375
0 0.88046875 0.39765625 0.03984375 0.0625
1 0.846875 0.36640625 0.02265625 0.025
1 0.703125 0.36640625 0.03671875 0.04140625
1 0.85625 0.42734375 0.03671875 0.0375
1 0.7640625 0.33125 0.0171875 0.0125
0 0.79375 0.31875 0.02578125 0.0375
0 0.74296875 0.47265625 0.09375 0.12890625