1 0.33671875 0.50625 0.0765625 0.07109375
1 0.859375 0.4625 0.04296875 0.05
1 0.6734375 0.49140625 0.05703125 0.05859375
1 0.80703125 0.5875 0.07421875 0.09140625
1 0.64765625 0.625 0.090625 0.09140625
1 0.47734375 0.48515625 0.05703125 0.05390625
1 0.89921875 0.68359375 0.08828125 0.10859375
1 0.921875 0.41875 0.03125 0.0375
1 0.66796875 0.90625 0.159375 0.17890625
1 0.60625 0.41640625 0.03671875 0.03359375
1 0.91328125 0.46640625 0.04296875 0.05
0 0.70859375 0.35234375 0.02578125 0.0375
1 0.878125 0.39765625 0.028125 0.0375
1 0.925 0.37265625 0.02578125 0.0375
0 0.83359375 0.37265625 0.03671875 0.0625
1 0.34921875 0.80390625 0.1703125 0.15859375
1 0.92734375 0.34375 0.01953125 0.02890625
1 0.85390625 0.33359375 0.0140625 0.01640625
0 0.784375 0.41875 0.0625 0.10390625