1 0.7578125 0.71953125 0.096875 0.1359375
0 0.8609375 0.40234375 0.0625 0.1125
1 0.896875 0.69140625 0.0921875 0.128125
1 0.66875 0.60546875 0.09375 0.0859375
1 0.69609375 0.48359375 0.0578125 0.0546875
1 0.79296875 0.45078125 0.0421875 0.0453125
1 0.8453125 0.484375 0.04921875 0.05234375
1 0.9046875 0.5390625 0.06328125 0.0625
1 0.09140625 0.74296875 0.1828125 0.153125
1 0.41640625 0.50859375 0.06953125 0.07734375
1 0.5484375 0.48125 0.05859375 0.06328125
1 0.55625 0.403125 0.0421875 0.04296875
1 0.92265625 0.4296875 0.046875 0.0484375