1 0.78671875 0.625 0.07421875 0.09140625
1 0.50703125 0.64765625 0.10546875 0.10390625
1 0.9234375 0.40625 0.028125 0.0375
1 0.91015625 0.52265625 0.05390625 0.0625
1 0.92890625 0.375 0.02265625 0.025
0 0.7046875 0.5125 0.11953125 0.18359375
1 0.815625 0.41640625 0.034375 0.03359375
1 0.875 0.39609375 0.028125 0.03359375
1 0.84765625 0.46015625 0.03671875 0.04609375
1 0.83125 0.38359375 0.02578125 0.03359375
1 0.83203125 0.34765625 0.0171875 0.02109375
1 0.6234375 0.44140625 0.03671875 0.04140625
1 0.85625 0.35390625 0.01953125 0.01640625
1 0.87890625 0.84140625 0.13359375 0.24140625
1 0.846875 0.33515625 0.0171875 0.02109375
1 0.92734375 0.34375 0.01953125 0.02890625
1 0.71875 0.36640625 0.0171875 0.01640625
0 0.59140625 0.40859375 0.07109375 0.10078125
0 0.7015625 0.35078125 0.0390625 0.06640625