1 0.221875 0.55859375 0.096875 0.075
1 0.89609375 0.71484375 0.09375 0.1375
1 0.83828125 0.5 0.05078125 0.06640625
1 0.440625 0.54765625 0.0796875 0.07109375
1 0.76171875 0.7375 0.10234375 0.13359375
1 0.80546875 0.58125 0.07109375 0.07890625
1 0.6875 0.48359375 0.05078125 0.05
1 0.91796875 0.44375 0.034375 0.04609375
1 0.41484375 0.47890625 0.0625 0.05
1 0.62109375 0.44140625 0.03671875 0.04140625
1 0.30390625 0.83125 0.19296875 0.17890625
1 0.85625 0.43984375 0.03671875 0.05390625
1 0.7375 0.37109375 0.02578125 0.03359375
1 0.878125 0.38359375 0.02265625 0.03359375
1 0.921875 0.40234375 0.03125 0.0375
0 0.5125 0.45 0.0765625 0.08359375
0 0.69140625 0.3625 0.0484375 0.06640625
0 0.809375 0.40546875 0.0390625 0.06796875
0 0.846875 0.3640625 0.03203125 0.05546875