1 0.2640625 0.51875 0.0796875 0.0625
1 0.909375 0.53125 0.05703125 0.07109375
1 0.421875 0.46015625 0.05390625 0.04609375
1 0.846875 0.45234375 0.0453125 0.04609375
1 0.88046875 0.89765625 0.13046875 0.19609375
1 0.59921875 0.56875 0.07421875 0.07890625
1 0.6109375 0.41640625 0.03984375 0.04140625
1 0.6734375 0.36015625 0.02265625 0.02109375
1 0.88046875 0.38515625 0.028125 0.0375
1 0.628125 0.37734375 0.028125 0.02890625
1 0.7046875 0.35625 0.02265625 0.02109375
1 0.76171875 0.41484375 0.034375 0.0375
1 0.746875 0.35390625 0.0171875 0.01640625
0 0.77421875 0.60859375 0.14453125 0.25859375
1 0.625 0.94375 0.1703125 0.10390625
1 0.9203125 0.40234375 0.028125 0.0375
1 0.78515625 0.32890625 0.01953125 0.01640625
0 0.903125 0.33515625 0.028125 0.04609375
1 0.02734375 0.67734375 0.05390625 0.10390625
0 0.88515625 0.31015625 0.01953125 0.02890625
0 0.72578125 0.484375 0.12734375 0.18046875
0 0.93203125 0.31484375 0.0171875 0.02890625
0 0.83984375 0.36484375 0.04765625 0.0734375