1 0.28125 0.53125 0.08515625 0.07109375
1 0.9046875 0.59375 0.07109375 0.09609375
1 0.48125 0.44140625 0.0484375 0.04140625
1 0.9234375 0.44765625 0.03984375 0.05390625
0 0.7625 0.625 0.15625 0.29140625
1 0.7625 0.4125 0.03125 0.03359375
0 0.87109375 0.41484375 0.059375 0.1125
1 0.765625 0.34609375 0.01953125 0.01640625
1 0.93046875 0.375 0.02578125 0.03359375
1 0.03984375 0.61015625 0.0796875 0.07890625
1 0.628125 0.97109375 0.17578125 0.05
1 0.64765625 0.51484375 0.0625 0.07109375
0 0.4078125 0.71640625 0.13359375 0.15859375
1 0.62890625 0.43359375 0.03671875 0.04140625
1 0.840625 0.34140625 0.0171875 0.01640625
1 0.84921875 0.54140625 0.034375 0.09140625
0 0.54140625 0.45 0.05390625 0.05
0 0.73046875 0.34140625 0.0171875 0.025
0 0.65234375 0.60703125 0.1140625 0.1734375