1 0.784375 0.44765625 0.034375 0.0375
1 0.91640625 0.49765625 0.04296875 0.05390625
1 0.74453125 0.42734375 0.034375 0.0375
1 0.8578125 0.425 0.034375 0.04140625
1 0.66015625 0.50390625 0.05390625 0.05859375
1 0.91875 0.43515625 0.03671875 0.04609375
1 0.840625 0.50234375 0.05078125 0.0625
1 0.871875 0.89375 0.13046875 0.19609375
1 0.64609375 0.425 0.03671875 0.04140625
1 0.8765625 0.4 0.02578125 0.03359375
1 0.48828125 0.42890625 0.03984375 0.04140625
1 0.66875 0.38125 0.03125 0.0375
1 0.7640625 0.34375 0.0171875 0.02109375
1 0.73984375 0.35625 0.01953125 0.02109375
1 0.7828125 0.62734375 0.0765625 0.0875
1 0.7 0.35625 0.01953125 0.02109375
0 0.71328125 0.75390625 0.13671875 0.25
1 0.91875 0.40625 0.03125 0.02890625
1 0.51171875 0.44375 0.028125 0.0375
1 0.92734375 0.36640625 0.02578125 0.03359375
1 0.88671875 0.37109375 0.02265625 0.025
0 0.121875 0.628125 0.24375 0.284375
0 0.57421875 0.42578125 0.10390625 0.1078125
1 0.24921875 0.546875 0.04453125 0.0765625
0 0.825 0.375 0.0640625 0.09609375