1 0.33203125 0.49140625 0.0625 0.05
1 0.62890625 0.5375 0.065625 0.06640625
1 0.66328125 0.3625 0.02578125 0.025
1 0.8265625 0.56015625 0.0625 0.07109375
1 0.715625 0.36640625 0.02265625 0.025
1 0.70625 0.5375 0.065625 0.075
1 0.64765625 0.92109375 0.18203125 0.15
0 0.81953125 0.38359375 0.0484375 0.08359375
1 0.7828125 0.39375 0.02578125 0.02890625
1 0.86953125 0.43984375 0.034375 0.05390625
1 0.88203125 0.3875 0.02578125 0.03359375
1 0.58984375 0.39375 0.03125 0.02890625
1 0.43046875 0.5375 0.09375 0.09140625
1 0.81796875 0.32890625 0.0171875 0.01640625
1 0.75859375 0.325 0.0171875 0.01640625
1 0.7328125 0.34609375 0.0171875 0.01640625
0 0.89609375 0.63125 0.08203125 0.1375
0 0.86484375 0.33515625 0.03125 0.04609375
1 0.43359375 0.8859375 0.209375 0.21953125