1 0.74140625 0.78984375 0.11328125 0.15390625
1 0.671875 0.39140625 0.02578125 0.025
1 0.796875 0.37734375 0.01953125 0.02109375
1 0.6859375 0.35234375 0.01953125 0.02109375
1 0.62890625 0.38984375 0.03125 0.02890625
1 0.4875 0.475 0.059375 0.05859375
1 0.72421875 0.45234375 0.0453125 0.04609375
1 0.84921875 0.36640625 0.02265625 0.025
1 0.79140625 0.59375 0.0765625 0.09609375
1 0.75 0.34765625 0.02265625 0.02109375
1 0.71484375 0.35234375 0.01953125 0.02109375
1 0.825 0.35390625 0.01953125 0.01640625
1 0.87109375 0.40859375 0.03125 0.04140625
1 0.72578125 0.33984375 0.01953125 0.02109375
1 0.05078125 0.7703125 0.1015625 0.15
1 0.840625 0.33984375 0.0171875 0.02109375
1 0.50703125 0.42109375 0.04296875 0.04140625
1 0.8875 0.36484375 0.01953125 0.02890625
0 0.39140625 0.74765625 0.59453125 0.50390625