1 0.359375 0.50390625 0.07109375 0.05
1 0.5 0.50859375 0.06796875 0.05859375
1 0.78515625 0.65 0.08203125 0.10859375
1 0.68046875 0.84765625 0.128125 0.17109375
1 0.859375 0.43984375 0.04296875 0.04609375
1 0.83203125 0.49140625 0.05078125 0.05859375
1 0.87890625 0.40234375 0.03125 0.0375
0 0.6734375 0.52734375 0.13671875 0.20390625
1 0.88515625 0.36875 0.02578125 0.02890625
1 0.82109375 0.3625 0.02265625 0.025
1 0.54296875 0.42109375 0.0453125 0.05
1 0.02734375 0.60390625 0.05390625 0.08359375
1 0.92734375 0.36015625 0.01953125 0.02890625
0 0.61484375 0.41015625 0.059375 0.0625
0 0.75859375 0.33359375 0.02265625 0.04140625
0 0.7171875 0.34140625 0.02578125 0.04140625
0 0.80546875 0.3125 0.01953125 0.03359375
1 0.77578125 0.40703125 0.03125 0.053125