1 0.40078125 0.48515625 0.0625 0.05390625
1 0.64375 0.40625 0.03671875 0.02890625
1 0.7171875 0.45625 0.04296875 0.04609375
1 0.66875 0.37265625 0.02578125 0.02890625
1 0.88203125 0.37890625 0.02578125 0.025
1 0.7953125 0.37890625 0.02265625 0.025
1 0.734375 0.77734375 0.1109375 0.1375
1 0.78828125 0.45 0.03671875 0.04140625
1 0.33515625 0.60390625 0.090625 0.08359375
1 0.84765625 0.4625 0.03671875 0.04140625
0 0.58671875 0.65234375 0.22421875 0.3125
1 0.67890625 0.41015625 0.034375 0.02890625
1 0.83125 0.3875 0.02578125 0.025
1 0.83515625 0.34609375 0.0171875 0.01640625
1 0.85546875 0.35625 0.0171875 0.02109375
1 0.871875 0.41015625 0.028125 0.02890625
1 0.715625 0.35234375 0.02265625 0.02109375
1 0.75 0.34609375 0.02265625 0.025
0 0.80390625 0.56328125 0.071875 0.13046875
1 0.02109375 0.61953125 0.0421875 0.11015625