1 0.48984375 0.47734375 0.059375 0.05390625
1 0.3765625 0.46875 0.05390625 0.04609375
1 0.64921875 0.91015625 0.16796875 0.17109375
1 0.54140625 0.41015625 0.03671875 0.0375
1 0.67734375 0.52109375 0.059375 0.05859375
1 0.721875 0.45390625 0.0453125 0.04140625
1 0.91875 0.59140625 0.065625 0.08359375
1 0.71484375 0.36875 0.02578125 0.02109375
1 0.58125 0.70390625 0.1109375 0.11640625
1 0.42734375 0.47109375 0.059375 0.05859375
1 0.84921875 0.3625 0.02265625 0.025
1 0.63125 0.409375 0.0515625 0.03125
1 0.925 0.43125 0.03671875 0.0375
0 0.75703125 0.62890625 0.1734375 0.325
0 0.8578125 0.43359375 0.0625 0.11640625
1 0.825 0.35390625 0.01953125 0.025
1 0.79375 0.38125 0.02578125 0.02890625
1 0.8265625 0.39140625 0.02265625 0.025
1 0.7375 0.35390625 0.01953125 0.025
0 0.7734375 0.446875 0.053125 0.0875