1 0.90234375 0.6625 0.08828125 0.11640625
1 0.91640625 0.44765625 0.03671875 0.04609375
1 0.784375 0.65 0.08515625 0.10859375
1 0.8125 0.56875 0.06796875 0.07890625
1 0.83359375 0.50234375 0.0484375 0.0625
1 0.71015625 0.80625 0.125 0.17109375
1 0.85625 0.46015625 0.03671875 0.04609375
1 0.1703125 0.91484375 0.25 0.1625
0 0.35546875 0.49765625 0.2328125 0.20390625
1 0.67734375 0.4875 0.05390625 0.05859375
1 0.64921875 0.38125 0.03125 0.02890625
1 0.715625 0.34140625 0.0171875 0.01640625
1 0.64921875 0.42734375 0.03671875 0.0375
1 0.87109375 0.42890625 0.03125 0.04140625
0 0.8921875 0.375 0.034375 0.05
0 0.7609375 0.4640625 0.09140625 0.1453125