1 0.91875 0.45 0.03671875 0.04140625
1 0.63515625 0.79609375 0.1390625 0.14140625
1 0.6109375 0.55234375 0.07421875 0.07109375
1 0.7984375 0.61015625 0.07421875 0.09609375
1 0.61953125 0.37890625 0.028125 0.025
1 0.83828125 0.49140625 0.05078125 0.05859375
1 0.9234375 0.4125 0.034375 0.03359375
1 0.796875 0.42734375 0.03125 0.0375
1 0.57265625 0.41875 0.04296875 0.02890625
1 0.6875 0.37890625 0.02265625 0.025
1 0.65078125 0.40234375 0.028125 0.02890625
1 0.71171875 0.35390625 0.01953125 0.01640625
0 0.48125 0.62265625 0.14453125 0.17109375
1 0.69453125 0.35 0.01953125 0.01640625
1 0.73046875 0.33515625 0.0171875 0.02109375
1 0.92734375 0.36015625 0.01953125 0.02890625
0 0.871875 0.38359375 0.05078125 0.1
1 0.04296875 0.61015625 0.08515625 0.10703125