1 0.80546875 0.56015625 0.065625 0.07109375
1 0.90078125 0.68984375 0.090625 0.12109375
1 0.69609375 0.475 0.0453125 0.05
1 0.871875 0.40625 0.034375 0.0375
1 0.846875 0.4875 0.05078125 0.05859375
1 0.72421875 0.77109375 0.11953125 0.15
1 0.7796875 0.39765625 0.03125 0.02890625
1 0.91796875 0.49765625 0.05078125 0.0625
1 0.27421875 0.58359375 0.09921875 0.08359375
1 0.80546875 0.41875 0.03125 0.04609375
1 0.10234375 0.72109375 0.16484375 0.14140625
1 0.825 0.35390625 0.01953125 0.025
1 0.85390625 0.36015625 0.01953125 0.02109375
0 0.5609375 0.40234375 0.08203125 0.0875
1 0.63671875 0.43125 0.03984375 0.0375
1 0.925 0.37109375 0.01953125 0.025
0 0.440625 0.74609375 0.434375 0.5
0 0.23671875 0.53359375 0.140625 0.14140625
1 0.7453125 0.37265625 0.01640625 0.02578125