1 0.63203125 0.92265625 0.17890625 0.14609375
1 0.5609375 0.42109375 0.03671875 0.03359375
1 0.675 0.3875 0.03125 0.03359375
1 0.89765625 0.70625 0.08515625 0.12109375
1 0.83671875 0.38125 0.02578125 0.02890625
1 0.84765625 0.45859375 0.04296875 0.05
1 0.690625 0.35234375 0.02265625 0.02109375
1 0.87890625 0.38984375 0.02578125 0.02890625
1 0.44296875 0.54140625 0.0796875 0.075
1 0.83125 0.34765625 0.01953125 0.02109375
1 0.86484375 0.42734375 0.03125 0.0375
1 0.92578125 0.3625 0.02265625 0.025
1 0.925 0.4 0.02578125 0.04140625
1 0.3421875 0.50234375 0.04296875 0.0625
1 0.67578125 0.48984375 0.0625 0.07109375
1 0.75859375 0.32890625 0.0171875 0.01640625
1 0.78984375 0.325 0.0171875 0.01640625
1 0.8875 0.36484375 0.01953125 0.02109375
1 0.9046875 0.52109375 0.0484375 0.06640625
1 0.85625 0.325 0.0140625 0.01640625
0 0.43671875 0.4765625 0.15 0.1671875
0 0.8 0.54375 0.0984375 0.1640625
0 0.7765625 0.45625 0.08046875 0.13359375