1 0.90234375 0.58984375 0.07109375 0.0875
1 0.88515625 0.83984375 0.11640625 0.1625
1 0.78984375 0.63125 0.07421875 0.0875
1 0.50859375 0.42109375 0.0453125 0.04140625
1 0.83125 0.50234375 0.05390625 0.0625
1 0.54140625 0.74765625 0.121875 0.12890625
0 0.3890625 0.50859375 0.17578125 0.13359375
1 0.6265625 0.4125 0.03125 0.03359375
0 0.74609375 0.46640625 0.09375 0.15
1 0.6546875 0.38125 0.03125 0.02890625
1 0.690625 0.46640625 0.02265625 0.05
1 0.7625 0.33984375 0.01953125 0.02109375
1 0.6890625 0.35234375 0.01953125 0.02109375
0 0.8625 0.41640625 0.065625 0.11640625
1 0.69765625 0.37734375 0.03125 0.02890625
1 0.74140625 0.34140625 0.0171875 0.01640625
1 0.33359375 0.8125 0.17890625 0.175
1 0.92734375 0.409375 0.0359375 0.04375
0 0.6015625 0.3953125 0.05625 0.08828125