1 0.11171875 0.92421875 0.2234375 0.1515625
1 0.69375 0.88984375 0.1484375 0.1953125
1 0.77578125 0.665625 0.0953125 0.11953125
1 0.796875 0.575 0.0765625 0.09296875
1 0.82578125 0.5328125 0.0578125 0.071875
1 0.846875 0.48046875 0.06171875 0.0703125
1 0.86875 0.43359375 0.04921875 0.06328125
1 0.91953125 0.46015625 0.0421875 0.06953125
1 0.740625 0.44140625 0.0546875 0.05546875
1 0.65 0.63203125 0.09296875 0.1
1 0.42265625 0.56640625 0.0875 0.08359375
1 0.44375 0.50078125 0.08046875 0.06328125
1 0.2859375 0.5875 0.09921875 0.11015625
0 0.603125 0.3921875 0.0890625 0.096875
1 0.6765625 0.36640625 0.046875 0.05625
1 0.74609375 0.36640625 0.03046875 0.040625
1 0.9296875 0.39921875 0.0375 0.0390625