1 0.784375 0.63359375 0.0796875 0.09140625
1 0.60390625 0.42265625 0.04296875 0.0375
1 0.63515625 0.3875 0.03125 0.025
1 0.7671875 0.40859375 0.034375 0.03359375
1 0.55234375 0.425 0.04296875 0.04140625
1 0.65625 0.51015625 0.03984375 0.05390625
1 0.91875 0.3875 0.02578125 0.025
1 0.45625 0.48984375 0.059375 0.05390625
1 0.9234375 0.42734375 0.034375 0.0375
0 0.70625 0.52265625 0.07109375 0.10390625
1 0.87890625 0.39375 0.02578125 0.02890625
1 0.85546875 0.44140625 0.03984375 0.04140625
1 0.86953125 0.96015625 0.153125 0.07109375
1 0.684375 0.36875 0.02265625 0.02109375
1 0.70625 0.38984375 0.02578125 0.02890625
1 0.69453125 0.34765625 0.01953125 0.02109375
0 0.84453125 0.365625 0.040625 0.06640625
0 0.74921875 0.33515625 0.0296875 0.05
0 0.03671875 0.6140625 0.0734375 0.1875
1 0.02578125 0.7859375 0.0515625 0.14453125
1 0.21953125 0.8828125 0.2078125 0.234375