1 0.64375 0.52265625 0.059375 0.0625
1 0.3609375 0.95 0.19921875 0.09140625
0 0.7953125 0.55859375 0.125 0.225
1 0.925 0.41015625 0.03125 0.02890625
1 0.72578125 0.77890625 0.1109375 0.14140625
1 0.3 0.52265625 0.08203125 0.07109375
1 0.7328125 0.43984375 0.0453125 0.04609375
1 0.51171875 0.42265625 0.03984375 0.0375
0 0.903125 0.52890625 0.05078125 0.06640625
1 0.60546875 0.40390625 0.034375 0.025
1 0.86640625 0.43359375 0.034375 0.04140625
1 0.71171875 0.54140625 0.05390625 0.06640625
1 0.66171875 0.36484375 0.02265625 0.02109375
1 0.77421875 0.45390625 0.03671875 0.04140625
1 0.925 0.37109375 0.01953125 0.025
1 0.82421875 0.40234375 0.028125 0.02890625
1 0.8765625 0.4 0.02578125 0.03359375
1 0.7953125 0.37890625 0.02265625 0.025
1 0.82265625 0.35625 0.01953125 0.02109375
1 0.8453125 0.36875 0.01953125 0.02109375