1 0.9203125 0.4375 0.034375 0.04140625
1 0.859375 0.43984375 0.03671875 0.04609375
0 0.21171875 0.56484375 0.28125 0.22890625
0 0.778125 0.62890625 0.0796875 0.1
1 0.825 0.52265625 0.059375 0.07109375
1 0.74296875 0.50859375 0.05390625 0.05859375
1 0.46328125 0.44140625 0.0453125 0.04140625
1 0.62109375 0.5375 0.065625 0.06640625
1 0.659375 0.41484375 0.028125 0.0375
1 0.6734375 0.37109375 0.02265625 0.025
1 0.51875 0.8125 0.15078125 0.15859375
1 0.7015625 0.37265625 0.028125 0.02890625
1 0.69296875 0.86484375 0.13046875 0.17890625
1 0.55703125 0.44140625 0.03984375 0.04140625
1 0.7828125 0.39375 0.02578125 0.02890625
0 0.81328125 0.38671875 0.05234375 0.08984375
0 0.875 0.38515625 0.053125 0.090625