1 0.8421875 0.49375 0.0484375 0.05390625
1 0.7984375 0.56875 0.0625 0.07109375
1 0.6578125 0.37734375 0.02578125 0.02890625
1 0.69609375 0.47890625 0.0453125 0.05
1 0.746875 0.50625 0.05703125 0.0625
1 0.33671875 0.56484375 0.08828125 0.07890625
1 0.75390625 0.4125 0.03125 0.03359375
1 0.79375 0.3875 0.02578125 0.025
1 0.13671875 0.9375 0.25546875 0.11640625
1 0.921875 0.41484375 0.03125 0.0375
1 0.80546875 0.42109375 0.03125 0.03359375
1 0.86484375 0.42890625 0.03671875 0.04140625
1 0.88359375 0.81875 0.11328125 0.17109375
1 0.9078125 0.48515625 0.0484375 0.07109375
1 0.7515625 0.35 0.01953125 0.01640625
1 0.87890625 0.4 0.02578125 0.03359375
1 0.33671875 0.48984375 0.065625 0.05390625
1 0.92578125 0.35625 0.02265625 0.02109375
1 0.60546875 0.44375 0.05078125 0.05390625
1 0.69453125 0.35 0.01953125 0.01640625
1 0.88671875 0.37265625 0.02265625 0.02109375
1 0.85625 0.325 0.0140625 0.01640625
1 0.7828125 0.32109375 0.0140625 0.01640625
1 0.90078125 0.3375 0.0171875 0.025
1 0.76015625 0.33359375 0.0140625 0.01640625
0 0.89453125 0.30234375 0.0171875 0.02109375