1 0.69765625 0.87109375 0.13359375 0.175
1 0.57421875 0.4 0.034375 0.03359375
1 0.4859375 0.66015625 0.11328125 0.10390625
1 0.63359375 0.40859375 0.034375 0.03359375
1 0.3265625 0.55234375 0.096875 0.07890625
1 0.91875 0.44140625 0.03671875 0.04140625
1 0.86796875 0.89765625 0.128125 0.19609375
1 0.91171875 0.49765625 0.05078125 0.07109375
1 0.84375 0.49375 0.0453125 0.05390625
1 0.77265625 0.66015625 0.090625 0.12109375
1 0.8578125 0.43984375 0.03984375 0.0375
1 0.78984375 0.38359375 0.028125 0.025
1 0.8734375 0.40859375 0.03125 0.03359375
1 0.74140625 0.34140625 0.0171875 0.01640625
0 0.7375 0.48125 0.10546875 0.1625
1 0.71171875 0.35390625 0.01953125 0.01640625
0 0.83125 0.37109375 0.03671875 0.05
1 0.82265625 0.53359375 0.065625 0.06953125