1 0.69765625 0.84140625 0.128125 0.16640625
1 0.840625 0.50859375 0.0453125 0.05859375
1 0.43203125 0.50859375 0.06796875 0.06640625
1 0.90625 0.5875 0.06796875 0.09140625
1 0.9078125 0.475 0.04296875 0.05
1 0.090625 0.57890625 0.1078125 0.08359375
1 0.65078125 0.36640625 0.02265625 0.025
0 0.6578125 0.57265625 0.13359375 0.20390625
1 0.88203125 0.39609375 0.02578125 0.025
1 0.76171875 0.33359375 0.0171875 0.01640625
1 0.734375 0.36015625 0.01953125 0.02109375
1 0.80703125 0.42265625 0.028125 0.02890625
1 0.61953125 0.41640625 0.03984375 0.04140625
1 0.921875 0.39140625 0.02578125 0.03359375
1 0.93046875 0.32734375 0.0140625 0.02109375
1 0.7484375 0.35 0.01953125 0.01640625
0 0.78125 0.3875 0.028125 0.05
0 0.85234375 0.29609375 0.01171875 0.025
0 0.840625 0.36484375 0.03671875 0.0703125