1 0.78515625 0.39140625 0.02578125 0.025
1 0.66171875 0.51484375 0.05703125 0.05390625
1 0.90234375 0.63125 0.08203125 0.1125
1 0.77109375 0.65 0.08828125 0.10859375
1 0.9234375 0.38984375 0.028125 0.02890625
1 0.784375 0.4625 0.03984375 0.05
1 0.26171875 0.5375 0.090625 0.075
1 0.815625 0.575 0.06796875 0.08359375
1 0.91875 0.46484375 0.0484375 0.05390625
1 0.28125 0.62734375 0.125 0.10390625
1 0.653125 0.38359375 0.028125 0.025
1 0.05390625 0.60234375 0.1078125 0.09609375
1 0.74140625 0.34140625 0.0171875 0.01640625
1 0.88203125 0.38359375 0.02578125 0.03359375
1 0.70703125 0.35859375 0.02265625 0.01640625
1 0.8421875 0.37734375 0.02578125 0.02890625
1 0.828125 0.35234375 0.01953125 0.02109375
1 0.55 0.40625 0.03671875 0.02890625
1 0.79140625 0.32890625 0.0140625 0.01640625
1 0.55078125 0.45625 0.0453125 0.0375
1 0.76875 0.325 0.01953125 0.01640625
1 0.6109375 0.96875 0.153125 0.05390625
0 0.84375 0.46015625 0.0796875 0.1375