1 0.91328125 0.52265625 0.059375 0.07109375
1 0.60078125 0.69375 0.10546875 0.12109375
1 0.81796875 0.575 0.06796875 0.09140625
1 0.715625 0.78515625 0.11953125 0.15390625
1 0.465625 0.53515625 0.0796875 0.07109375
1 0.45625 0.44140625 0.0484375 0.04140625
1 0.64765625 0.52265625 0.0625 0.0625
1 0.60078125 0.38359375 0.03125 0.03359375
0 0.16015625 0.5875 0.309375 0.24140625
1 0.56640625 0.43515625 0.04296875 0.04609375
1 0.784375 0.39375 0.028125 0.02890625
1 0.8 0.425 0.03671875 0.04140625
1 0.86328125 0.425 0.034375 0.04140625
1 0.6265625 0.4375 0.03671875 0.04140625
1 0.84921875 0.45390625 0.03984375 0.04140625
1 0.89609375 0.74375 0.09375 0.12890625
1 0.71484375 0.38125 0.02578125 0.02890625
1 0.690625 0.3625 0.02265625 0.025
1 0.8296875 0.50234375 0.05078125 0.05390625
1 0.8765625 0.39609375 0.03125 0.03359375