1 0.86875 0.88125 0.11953125 0.20859375
1 0.77421875 0.65703125 0.084375 0.1140625
1 0.7078125 0.5578125 0.07109375 0.07421875
1 0.703125 0.46328125 0.05625 0.059375
1 0.83046875 0.53125 0.05703125 0.0796875
1 0.91484375 0.5296875 0.0578125 0.06953125
1 0.86015625 0.453125 0.046875 0.05625
1 0.79921875 0.4375 0.0484375 0.05234375
1 0.7765625 0.3953125 0.0328125 0.03984375
1 0.60625 0.45390625 0.0484375 0.0484375
1 0.56015625 0.434375 0.04609375 0.05
1 0.52109375 0.47421875 0.0515625 0.06171875
1 0.6171875 0.38515625 0.03515625 0.03828125
1 0.69296875 0.37734375 0.0328125 0.03125
0 0.83515625 0.36953125 0.0421875 0.0703125
1 0.87734375 0.40234375 0.03671875 0.03671875
1 0.9265625 0.3984375 0.04140625 0.0453125
1 0.89609375 0.36953125 0.03359375 0.03046875
1 0.73984375 0.33984375 0.0375 0.0359375