1 0.89921875 0.6 0.07109375 0.08359375
1 0.58515625 0.43359375 0.03984375 0.04140625
1 0.4390625 0.5375 0.0765625 0.075
1 0.85546875 0.46484375 0.03984375 0.04609375
1 0.190625 0.57890625 0.10234375 0.09140625
1 0.871875 0.41640625 0.034375 0.03359375
1 0.7671875 0.67109375 0.090625 0.125
1 0.9203125 0.45 0.03984375 0.04140625
1 0.734375 0.51640625 0.059375 0.06640625
1 0.7515625 0.42265625 0.03671875 0.0375
1 0.5296875 0.41875 0.03671875 0.0375
1 0.48828125 0.45234375 0.05078125 0.04609375
1 0.92890625 0.38984375 0.028125 0.02890625
1 0.828125 0.53125 0.059375 0.07109375
1 0.61328125 0.39765625 0.034375 0.02890625
1 0.8875 0.37734375 0.02578125 0.02890625
1 0.6078125 0.55 0.07421875 0.08359375
1 0.684375 0.87890625 0.1421875 0.2
1 0.8 0.425 0.03671875 0.04140625
1 0.68203125 0.38125 0.028125 0.02890625
1 0.8453125 0.37890625 0.02578125 0.025
1 0.66328125 0.42265625 0.03671875 0.0375
1 0.640625 0.375 0.01953125 0.025
0 0.8875 0.78515625 0.13359375 0.24609375
1 0.83203125 0.34765625 0.0171875 0.02109375
0 0.38359375 0.79609375 0.4203125 0.4
0 0.75390625 0.3375 0.02578125 0.04140625
0 0.090625 0.884375 0.18125 0.221875
0 0.89453125 0.34140625 0.02265625 0.03359375
0 0.02578125 0.7 0.0515625 0.153125