1 0.6859375 0.90234375 0.1390625 0.1875
1 0.81796875 0.4125 0.034375 0.03359375
1 0.89765625 0.57734375 0.0625 0.07890625
1 0.79296875 0.59375 0.07421875 0.0875
1 0.6859375 0.58515625 0.0765625 0.07890625
1 0.91484375 0.47265625 0.0453125 0.05390625
1 0.92578125 0.37734375 0.02265625 0.02890625
1 0.24140625 0.55 0.090625 0.075
1 0.846875 0.4625 0.03984375 0.05
1 0.778125 0.46484375 0.05078125 0.05390625
1 0.871875 0.41015625 0.034375 0.0375
0 0.8609375 0.3375 0.028125 0.05
1 0.9203125 0.43125 0.034375 0.0375
1 0.86640625 0.9625 0.159375 0.06640625
1 0.83984375 0.37890625 0.02578125 0.025
1 0.140625 0.55390625 0.1109375 0.1
1 0.79375 0.38125 0.02578125 0.02890625
1 0.6859375 0.36875 0.02578125 0.02109375
1 0.88359375 0.38359375 0.028125 0.025
1 0.72734375 0.375 0.02265625 0.03359375
1 0.71015625 0.35859375 0.02265625 0.025
1 0.57109375 0.40859375 0.034375 0.03359375
1 0.753125 0.33984375 0.0171875 0.02109375
0 0.53984375 0.43984375 0.13046875 0.09609375
0 0.92890625 0.34140625 0.02265625 0.05
0 0.73046875 0.35 0.1078125 0.075
0 0.88359375 0.32265625 0.02265625 0.0375