1 0.7359375 0.50859375 0.05078125 0.05859375
1 0.91640625 0.5125 0.05390625 0.06640625
1 0.8578125 0.45234375 0.03984375 0.04609375
1 0.825 0.35390625 0.01953125 0.025
1 0.89375 0.68515625 0.08828125 0.12109375
1 0.83359375 0.5 0.05390625 0.06640625
1 0.86796875 0.40625 0.03125 0.02890625
1 0.75 0.43125 0.034375 0.0375
1 0.628125 0.39140625 0.028125 0.025
1 0.6859375 0.3875 0.02578125 0.025
1 0.78671875 0.62109375 0.0796875 0.09140625
1 0.8453125 0.36875 0.01953125 0.02109375
0 0.46875 0.43359375 0.11953125 0.11640625
1 0.715625 0.38359375 0.028125 0.025
1 0.81796875 0.40234375 0.028125 0.02890625
1 0.50390625 0.65 0.1109375 0.1
1 0.64765625 0.36640625 0.02265625 0.025
1 0.36953125 0.94609375 0.2046875 0.1
1 0.734375 0.35625 0.01953125 0.02109375
1 0.8875 0.37890625 0.01953125 0.025
1 0.89375 0.35625 0.01953125 0.02109375
1 0.92734375 0.37109375 0.01953125 0.025
1 0.746875 0.33984375 0.0171875 0.02109375