1 0.33125 0.8 0.16796875 0.15859375
1 0.71171875 0.8375 0.13359375 0.18359375
1 0.809375 0.56640625 0.06796875 0.08359375
1 0.61796875 0.41640625 0.03671875 0.03359375
1 0.8875 0.85625 0.121875 0.17890625
1 0.5296875 0.43359375 0.04296875 0.04140625
1 0.8765625 0.40625 0.03125 0.0375
1 0.42734375 0.45625 0.05390625 0.0375
0 0.734375 0.47734375 0.09921875 0.1625
1 0.83515625 0.37890625 0.02265625 0.025
1 0.8625 0.43515625 0.03671875 0.0375
1 0.1734375 0.62734375 0.11328125 0.09609375
1 0.71171875 0.37265625 0.02578125 0.02890625
1 0.921875 0.42734375 0.03125 0.0375
1 0.81953125 0.35625 0.01953125 0.02109375
1 0.85390625 0.46875 0.04296875 0.04609375
1 0.75859375 0.34765625 0.028125 0.0375
1 0.7828125 0.38984375 0.02578125 0.02890625
1 0.8421875 0.33984375 0.0140625 0.02109375
1 0.7828125 0.32265625 0.0140625 0.02109375
1 0.80234375 0.42265625 0.03671875 0.04609375
1 0.075 0.73671875 0.15 0.18125