1 0.90234375 0.67109375 0.09375 0.125
1 0.75546875 0.66875 0.08515625 0.1125
1 0.121875 0.60625 0.11953125 0.0875
1 0.6875 0.85 0.1421875 0.19140625
1 0.91328125 0.55859375 0.065625 0.08359375
1 0.925 0.4375 0.04296875 0.04140625
1 0.74453125 0.50390625 0.05703125 0.06640625
1 0.815625 0.4125 0.034375 0.04140625
1 0.53984375 0.62265625 0.08515625 0.0875
1 0.9234375 0.38515625 0.028125 0.02890625
1 0.88359375 0.3875 0.028125 0.03359375
1 0.83828125 0.37734375 0.02265625 0.02890625
1 0.86640625 0.44140625 0.03984375 0.05
1 0.703125 0.46875 0.04296875 0.04609375
1 0.815625 0.36640625 0.02265625 0.025
1 0.7359375 0.34375 0.02265625 0.02109375
1 0.49296875 0.4375 0.05390625 0.06640625
0 0.5953125 0.41640625 0.103125 0.0859375
0 0.81484375 0.53515625 0.0984375 0.16796875