1 0.91796875 0.45234375 0.034375 0.04609375
1 0.9078125 0.55625 0.065625 0.07890625
1 0.6578125 0.39609375 0.03671875 0.03359375
1 0.82109375 0.50859375 0.05078125 0.06640625
0 0.7671875 0.44609375 0.08515625 0.13359375
1 0.27265625 0.575 0.096875 0.08359375
1 0.89921875 0.75234375 0.09921875 0.1375
1 0.5453125 0.4125 0.034375 0.03359375
1 0.8734375 0.40859375 0.03125 0.03359375
1 0.8609375 0.45 0.03984375 0.04140625
1 0.47265625 0.48125 0.059375 0.05390625
1 0.921875 0.40859375 0.03125 0.03359375
1 0.58515625 0.4625 0.05078125 0.05
1 0.5140625 0.81484375 0.1421875 0.1625
1 0.7015625 0.35859375 0.02265625 0.025
1 0.76875 0.33984375 0.01953125 0.02109375
1 0.53984375 0.61484375 0.096875 0.09609375
0 0.371875 0.4875 0.11328125 0.09140625
1 0.73984375 0.33984375 0.01953125 0.02109375
1 0.89453125 0.35 0.02265625 0.025
1 0.925 0.37890625 0.02578125 0.025
0 0.721875 0.77421875 0.2265625 0.4046875
0 0.85546875 0.35 0.03671875 0.05546875
1 0.63359375 0.390625 0.03046875 0.0453125