0 0.64140625 0.59765625 0.18203125 0.27265625
1 0.1734375 0.57109375 0.125 0.096875
0 0.3828125 0.52109375 0.13203125 0.09765625
1 0.42109375 0.55703125 0.09296875 0.08515625
1 0.68671875 0.903125 0.165625 0.19375
1 0.89296875 0.715625 0.10078125 0.11171875
1 0.7953125 0.6125 0.084375 0.1125
1 0.91015625 0.55390625 0.06640625 0.08984375
0 0.84453125 0.4703125 0.071875 0.1296875
1 0.81171875 0.41328125 0.02890625 0.04375
1 0.5265625 0.43359375 0.04765625 0.059375
1 0.615625 0.409375 0.03828125 0.03125
1 0.678125 0.40546875 0.034375 0.04296875
1 0.6921875 0.37109375 0.03125 0.0421875
1 0.92109375 0.45859375 0.05078125 0.05
1 0.92890625 0.4125 0.0484375 0.0453125
1 0.88515625 0.390625 0.04140625 0.0515625
1 0.759375 0.34921875 0.02265625 0.03046875
1 0.7796875 0.35390625 0.03046875 0.03515625