1 0.29375 0.62109375 0.10546875 0.1
1 0.60390625 0.5625 0.0765625 0.075
1 0.78125 0.45390625 0.03984375 0.04140625
1 0.83203125 0.49609375 0.0453125 0.05
1 0.72265625 0.44765625 0.04296875 0.04609375
1 0.8109375 0.55390625 0.059375 0.06640625
1 0.4234375 0.48359375 0.0625 0.05
1 0.9234375 0.40625 0.028125 0.02890625
1 0.565625 0.40234375 0.034375 0.02890625
1 0.6109375 0.96484375 0.153125 0.0625
1 0.83203125 0.35 0.02265625 0.025
1 0.84765625 0.4625 0.03671875 0.04140625
1 0.20703125 0.60859375 0.1078125 0.09140625
1 0.87109375 0.42265625 0.03125 0.0375
1 0.809375 0.36640625 0.0171875 0.025
1 0.60390625 0.45625 0.05390625 0.04609375
1 0.91484375 0.49375 0.05078125 0.0625
1 0.71015625 0.35390625 0.0171875 0.025
1 0.88515625 0.38359375 0.03125 0.03359375
0 0.61640625 0.37890625 0.07421875 0.075
1 0.825 0.39140625 0.03125 0.04140625
1 0.8625 0.95625 0.15625 0.07890625
1 0.93046875 0.35390625 0.01953125 0.025