1 0.42578125 0.46328125 0.05390625 0.05390625
0 0.65703125 0.83359375 0.2578125 0.33203125
0 0.64921875 0.6109375 0.10546875 0.140625
1 0.88359375 0.8 0.09765625 0.165625
0 0.25390625 0.575 0.1296875 0.13046875
1 0.490625 0.521875 0.06953125 0.08125
1 0.7890625 0.63359375 0.08125 0.09609375
1 0.80390625 0.5625 0.07109375 0.07421875
1 0.91796875 0.54765625 0.065625 0.0671875
1 0.83671875 0.5234375 0.06328125 0.0703125
1 0.91640625 0.471875 0.046875 0.05078125
1 0.85625 0.48828125 0.053125 0.05546875
1 0.75390625 0.43125 0.040625 0.04765625
1 0.853125 0.4578125 0.03984375 0.040625
1 0.6453125 0.39921875 0.02421875 0.0390625
1 0.678125 0.403125 0.0296875 0.03359375