1 0.7625 0.68125 0.09375 0.1125
1 0.9046875 0.58515625 0.07109375 0.09609375
1 0.721875 0.81640625 0.13046875 0.16640625
1 0.80703125 0.56015625 0.0625 0.07109375
1 0.85625 0.45625 0.03671875 0.04609375
0 0.41328125 0.49140625 0.17890625 0.14140625
1 0.55 0.4875 0.05390625 0.05859375
1 0.7828125 0.39765625 0.03125 0.02890625
1 0.2984375 0.50625 0.06796875 0.05390625
1 0.9046875 0.38125 0.02578125 0.0375
0 0.8734375 0.39609375 0.0484375 0.09140625
1 0.50859375 0.45 0.034375 0.04140625
1 0.6890625 0.37734375 0.01953125 0.02890625
1 0.73125 0.35625 0.01953125 0.02109375
0 0.71328125 0.52265625 0.125 0.17890625
1 0.71171875 0.38515625 0.01953125 0.02109375
1 0.81796875 0.35625 0.02265625 0.02890625
1 0.0640625 0.7625 0.128125 0.16640625
1 0.66328125 0.365625 0.0359375 0.0453125