1 0.734375 0.775 0.121875 0.15859375
0 0.640625 0.48984375 0.0765625 0.12109375
0 0.86953125 0.40859375 0.05703125 0.1
1 0.22734375 0.565625 0.1078125 0.08984375
1 0.3234375 0.48671875 0.084375 0.075
1 0.421875 0.51171875 0.07421875 0.0828125
1 0.83203125 0.51015625 0.0546875 0.06640625
1 0.9171875 0.5125 0.059375 0.06796875
0 0.56328125 0.415625 0.0515625 0.07109375
0 0.60546875 0.41328125 0.05546875 0.0828125
1 0.70546875 0.37265625 0.0484375 0.04765625
1 0.78203125 0.3921875 0.02734375 0.04453125
1 0.82109375 0.40234375 0.03828125 0.04140625