1 0.67734375 0.49765625 0.05390625 0.05390625
1 0.89609375 0.70390625 0.09375 0.13359375
1 0.80078125 0.58125 0.07421875 0.0875
1 0.91171875 0.5 0.05078125 0.05859375
1 0.3890625 0.575 0.096875 0.08359375
1 0.91875 0.40859375 0.03125 0.03359375
1 0.28125 0.86015625 0.2046875 0.17890625
1 0.8265625 0.39140625 0.028125 0.03359375
1 0.6125 0.44140625 0.04296875 0.04140625
1 0.625 0.63515625 0.10234375 0.12890625
1 0.68359375 0.35234375 0.01953125 0.02109375
1 0.85625 0.4375 0.03671875 0.04140625
1 0.92578125 0.38125 0.02265625 0.02890625
1 0.809375 0.36875 0.02265625 0.02890625
1 0.7953125 0.43515625 0.034375 0.05390625
0 0.88828125 0.36640625 0.03515625 0.07578125
0 0.7203125 0.78515625 0.15078125 0.2375
1 0.83984375 0.48125 0.0484375 0.07109375
0 0.85234375 0.34609375 0.034375 0.05859375
0 0.765625 0.33125 0.03125 0.0375
0 0.8875 0.30625 0.02578125 0.0375
0 0.50234375 0.46796875 0.0625 0.06953125