1 0.86328125 0.9265625 0.153125 0.1375
0 0.48125 0.46875 0.08203125 0.0875
1 0.64296875 0.9390625 0.1734375 0.121875
1 0.60234375 0.571875 0.07890625 0.10234375
1 0.80390625 0.58046875 0.071875 0.09140625
1 0.91484375 0.540625 0.07421875 0.0953125
1 0.85 0.49140625 0.0546875 0.0640625
1 0.25078125 0.52265625 0.09296875 0.075
1 0.5890625 0.39765625 0.04140625 0.04375
0 0.68046875 0.37890625 0.0515625 0.053125
1 0.775 0.40546875 0.0375 0.04375
1 0.828125 0.40078125 0.0359375 0.03828125
1 0.878125 0.403125 0.03203125 0.0328125
1 0.921875 0.40390625 0.0359375 0.06328125