1 0.86484375 0.42890625 0.03125 0.03359375
1 0.43046875 0.47265625 0.05390625 0.05390625
1 0.87890625 0.38984375 0.02578125 0.02890625
1 0.61484375 0.39765625 0.03125 0.02890625
1 0.58828125 0.57734375 0.07421875 0.07109375
1 0.53515625 0.43125 0.04296875 0.0375
1 0.5796875 0.47109375 0.0453125 0.05
1 0.8625 0.51484375 0.065625 0.07109375
1 0.89375 0.35 0.01953125 0.025
1 0.65625 0.36875 0.028125 0.02109375
1 0.6265625 0.95 0.16796875 0.09140625
1 0.42578125 0.55 0.08515625 0.08359375
1 0.80234375 0.40390625 0.03125 0.03359375
1 0.80859375 0.36875 0.02578125 0.02890625
1 0.69921875 0.34765625 0.0171875 0.02109375
1 0.58125 0.43359375 0.04296875 0.04140625