1 0.11796875 0.57265625 0.1109375 0.0875
1 0.41484375 0.74375 0.1421875 0.1375
1 0.72421875 0.73515625 0.10234375 0.12890625
1 0.9203125 0.4125 0.028125 0.03359375
1 0.8453125 0.47265625 0.04296875 0.04609375
1 0.74609375 0.48984375 0.05390625 0.0625
1 0.91484375 0.48359375 0.05078125 0.05859375
1 0.86796875 0.89609375 0.13359375 0.19140625
1 0.3578125 0.54609375 0.0796875 0.06640625
1 0.596875 0.38984375 0.028125 0.02890625
1 0.86484375 0.42890625 0.03671875 0.04140625
1 0.7015625 0.35859375 0.02265625 0.025
1 0.815625 0.36640625 0.02265625 0.025
1 0.65234375 0.36875 0.02578125 0.02109375
1 0.846875 0.37109375 0.02265625 0.03359375
1 0.74609375 0.42421875 0.04296875 0.04140625
1 0.82265625 0.5375 0.059375 0.075
1 0.88515625 0.39140625 0.03125 0.03359375
1 0.859375 0.34609375 0.01953125 0.025
1 0.8921875 0.36640625 0.02265625 0.03359375
0 0.87890625 0.31640625 0.01953125 0.03359375