1 0.91015625 0.56640625 0.065625 0.08359375
1 0.75546875 0.41640625 0.034375 0.03359375
1 0.81640625 0.40859375 0.03125 0.03359375
1 0.675 0.49140625 0.05390625 0.05859375
1 0.92578125 0.43359375 0.034375 0.04140625
1 0.859375 0.92265625 0.1390625 0.1375
1 0.7015625 0.87109375 0.13671875 0.19140625
0 0.778125 0.58984375 0.1421875 0.2625
0 0.64609375 0.38359375 0.065625 0.08359375
0 0.434375 0.46015625 0.153125 0.1125
1 0.92890625 0.39765625 0.028125 0.0375
0 0.8734375 0.40390625 0.05390625 0.1
1 0.7359375 0.4875 0.028125 0.03359375
1 0.85390625 0.50234375 0.02578125 0.05390625
1 0.93046875 0.35234375 0.01953125 0.02109375
1 0.83203125 0.35 0.0171875 0.01640625
0 0.55546875 0.47734375 0.065625 0.07109375
0 0.48828125 0.74765625 0.28984375 0.4125
0 0.7515625 0.33984375 0.04296875 0.05390625
0 0.89375 0.34140625 0.03671875 0.04140625
0 0.86328125 0.34375 0.02265625 0.0375