1 0.78515625 0.625 0.08203125 0.1
1 0.58984375 0.57265625 0.0765625 0.07109375
1 0.66796875 0.83984375 0.1421875 0.1875
1 0.89453125 0.82109375 0.1078125 0.15859375
1 0.72734375 0.44609375 0.03984375 0.04140625
1 0.77265625 0.475 0.05078125 0.05
1 0.34921875 0.49765625 0.06796875 0.0625
1 0.859375 0.44140625 0.03671875 0.04140625
1 0.69921875 0.36015625 0.02265625 0.02109375
1 0.68046875 0.40625 0.02578125 0.02890625
1 0.80390625 0.375 0.02265625 0.025
1 0.83671875 0.38984375 0.02578125 0.02890625
1 0.83671875 0.34765625 0.01953125 0.02109375
1 0.7203125 0.34140625 0.01953125 0.01640625
1 0.88671875 0.37890625 0.02265625 0.03359375
1 0.77734375 0.33515625 0.0140625 0.02109375
1 0.5953125 0.425 0.04296875 0.03359375
1 0.86953125 0.40390625 0.028125 0.03359375
0 0.8625 0.33515625 0.02578125 0.04609375
0 0.81953125 0.31015625 0.01953125 0.02890625