1 0.4046875 0.55859375 0.08828125 0.08359375
1 0.43359375 0.45234375 0.05390625 0.04609375
1 0.7515625 0.68125 0.09375 0.12109375
1 0.85078125 0.46640625 0.0484375 0.05859375
1 0.92734375 0.39609375 0.02578125 0.03359375
1 0.69765625 0.35 0.01953125 0.01640625
1 0.66640625 0.39140625 0.03125 0.025
1 0.8734375 0.41015625 0.03125 0.0375
1 0.6390625 0.3875 0.028125 0.025
1 0.796875 0.38984375 0.02578125 0.02890625
1 0.8734375 0.84375 0.11640625 0.17890625
0 0.5359375 0.68125 0.23984375 0.37265625
1 0.92578125 0.36015625 0.0171875 0.02109375
1 0.8453125 0.3375 0.01953125 0.01640625
1 0.76953125 0.32890625 0.0171875 0.01640625
0 0.1375 0.9 0.275 0.19140625
0 0.678125 0.5453125 0.14453125 0.2046875
1 0.38125 0.52734375 0.07265625 0.078125
1 0.75390625 0.346875 0.02734375 0.0375
1 0.88203125 0.3734375 0.0359375 0.04140625