0 0.903125 0.63359375 0.0796875 0.10859375
1 0.56953125 0.45234375 0.0484375 0.04609375
1 0.8734375 0.40234375 0.03125 0.0375
1 0.859375 0.44140625 0.03671875 0.04140625
1 0.378125 0.48984375 0.06796875 0.0625
1 0.81796875 0.3625 0.02265625 0.025
1 0.73984375 0.43125 0.03671875 0.04609375
1 0.6078125 0.40234375 0.034375 0.02890625
1 0.76015625 0.46640625 0.0484375 0.05
1 0.83984375 0.48984375 0.0484375 0.05390625
1 0.75546875 0.35390625 0.02265625 0.025
1 0.80234375 0.37734375 0.02578125 0.02109375
0 0.121875 0.6265625 0.24375 0.278125
1 0.42734375 0.90234375 0.190625 0.17890625
1 0.6890625 0.4 0.03125 0.03359375
1 0.715625 0.36640625 0.02265625 0.025
0 0.7671875 0.67265625 0.13046875 0.22890625
1 0.13671875 0.93671875 0.2734375 0.12578125