1 0.628125 0.38984375 0.034375 0.02890625
1 0.30859375 0.52734375 0.08203125 0.07109375
1 0.73046875 0.75390625 0.1078125 0.14140625
1 0.90078125 0.62734375 0.0796875 0.10390625
1 0.8578125 0.45 0.03984375 0.04140625
1 0.48125 0.67890625 0.11640625 0.10859375
1 0.6125 0.93984375 0.17890625 0.1125
1 0.78984375 0.44765625 0.03984375 0.04609375
1 0.7203125 0.45234375 0.0484375 0.04609375
1 0.71171875 0.36484375 0.02578125 0.02109375
1 0.51171875 0.8 0.13671875 0.15
1 0.79140625 0.39765625 0.03125 0.0375
1 0.92890625 0.34375 0.0171875 0.02109375
0 0.80703125 0.5375 0.07421875 0.13359375
0 0.84765625 0.35390625 0.02578125 0.05859375
1 0.76171875 0.34140625 0.0171875 0.01640625
0 0.8265625 0.35234375 0.01171875 0.02109375
1 0.87421875 0.41328125 0.04296875 0.03671875