1 0.90390625 0.7375 0.09296875 0.15
0 0.8625 0.33515625 0.03125 0.05390625
0 0.8609375 0.33671875 0.04453125 0.07578125
0 0.8703125 0.415625 0.05703125 0.075
1 0.7765625 0.6890625 0.09140625 0.1328125
1 0.6703125 0.621875 0.08671875 0.10859375
1 0.62265625 0.54609375 0.06796875 0.08671875
1 0.7609375 0.48671875 0.04765625 0.06171875
1 0.83046875 0.52265625 0.05390625 0.07265625
1 0.90859375 0.51015625 0.05859375 0.071875
1 0.778125 0.403125 0.02890625 0.04140625
1 0.5234375 0.46796875 0.053125 0.05546875
1 0.92578125 0.42578125 0.04609375 0.06484375