1 0.70859375 0.82890625 0.121875 0.16640625
1 0.68203125 0.58515625 0.07421875 0.07890625
1 0.909375 0.66875 0.08515625 0.1125
1 0.83828125 0.48125 0.0453125 0.05390625
1 0.80546875 0.42734375 0.03125 0.0375
1 0.6421875 0.525 0.0625 0.06640625
1 0.1859375 0.575 0.09921875 0.075
1 0.86328125 0.4375 0.034375 0.04140625
1 0.83671875 0.37890625 0.02578125 0.025
1 0.76171875 0.48125 0.05078125 0.0625
1 0.78984375 0.58515625 0.07421875 0.09609375
1 0.5953125 0.40390625 0.03125 0.03359375
1 0.79375 0.38125 0.02578125 0.02890625
1 0.921875 0.42734375 0.03671875 0.05390625
0 0.46171875 0.5125 0.1109375 0.11640625
1 0.6546875 0.38984375 0.03125 0.04609375
0 0.8765625 0.37734375 0.04296875 0.07890625
1 0.73984375 0.34140625 0.0140625 0.01640625
1 0.0953125 0.96640625 0.190625 0.05859375