1 0.72734375 0.73984375 0.1078125 0.14609375
0 0.19921875 0.5875 0.14765625 0.15859375
0 0.85625 0.34140625 0.03125 0.05859375
1 0.221875 0.89921875 0.240625 0.20078125
1 0.09921875 0.60078125 0.128125 0.12109375
1 0.640625 0.63359375 0.09375 0.09765625
1 0.8984375 0.7234375 0.09609375 0.1390625
1 0.76640625 0.49296875 0.05859375 0.06328125
1 0.82734375 0.52265625 0.06953125 0.07890625
1 0.9140625 0.490625 0.05859375 0.0703125
1 0.86875 0.42734375 0.04453125 0.03984375
1 0.928125 0.4109375 0.04609375 0.04921875
1 0.4265625 0.553125 0.0953125 0.084375
1 0.5125 0.440625 0.053125 0.05078125
1 0.69375 0.36171875 0.0375 0.03515625
1 0.74375 0.43046875 0.053125 0.0609375