1 0.74140625 0.8 0.1078125 0.14140625
1 0.61484375 0.54609375 0.065625 0.06640625
1 0.83828125 0.37734375 0.02265625 0.02890625
1 0.78671875 0.6375 0.08515625 0.10859375
1 0.903125 0.68359375 0.090625 0.125
1 0.09375 0.66640625 0.14765625 0.10859375
1 0.715625 0.35234375 0.0171875 0.02109375
1 0.86484375 0.43359375 0.03671875 0.04140625
1 0.9234375 0.38984375 0.02265625 0.02890625
1 0.60390625 0.41015625 0.03671875 0.02890625
1 0.221875 0.675 0.14765625 0.10859375
1 0.684375 0.35390625 0.02265625 0.01640625
1 0.8296875 0.51640625 0.05703125 0.06640625
0 0.765625 0.46015625 0.05390625 0.07890625
1 0.77578125 0.39375 0.034375 0.0375
0 0.3828125 0.7796875 0.45625 0.440625
0 0.11875 0.91796875 0.2375 0.1640625
0 0.88125 0.38671875 0.05390625 0.075
0 0.7546875 0.3265625 0.04375 0.06015625