0 0.66875 0.48984375 0.05390625 0.07890625
1 0.721875 0.78125 0.11953125 0.15390625
1 0.37734375 0.92890625 0.203125 0.1421875
1 0.0328125 0.64609375 0.065625 0.075
1 0.04453125 0.71796875 0.08828125 0.1203125
1 0.40078125 0.5265625 0.08359375 0.0828125
1 0.625 0.415625 0.04375 0.04765625
1 0.66796875 0.39921875 0.04921875 0.04765625
1 0.7828125 0.4671875 0.0578125 0.0671875
1 0.8203125 0.5390625 0.06875 0.0921875
1 0.9 0.60078125 0.071875 0.096875
1 0.909375 0.48828125 0.05234375 0.0734375
1 0.9265625 0.43203125 0.04296875 0.053125
1 0.86796875 0.42265625 0.05 0.05390625
1 0.80390625 0.42734375 0.034375 0.0484375
1 0.7828125 0.38671875 0.03125 0.0375