1 0.80546875 0.59609375 0.07109375 0.08359375
1 0.55 0.40625 0.03125 0.02890625
1 0.86640625 0.40859375 0.028125 0.03359375
1 0.89609375 0.75625 0.10546875 0.15390625
1 0.5796875 0.41015625 0.03984375 0.0375
1 0.8625 0.44375 0.03671875 0.04609375
1 0.91875 0.4375 0.03125 0.04140625
0 0.6125 0.62890625 0.1734375 0.25859375
0 0.63515625 0.39765625 0.04296875 0.0625
1 0.69609375 0.37890625 0.02265625 0.025
1 0.5328125 0.45234375 0.05390625 0.05390625
1 0.7015625 0.36015625 0.02265625 0.02109375
1 0.88515625 0.37265625 0.02578125 0.0375
1 0.76171875 0.34765625 0.0171875 0.02109375
0 0.83125 0.36640625 0.0484375 0.08359375
1 0.77578125 0.39375 0.028125 0.0375
0 0.87109375 0.32265625 0.01953125 0.04140625
0 0.596875 0.91875 0.284375 0.15390625