1 0.4203125 0.50859375 0.06796875 0.05859375
1 0.11953125 0.60859375 0.11953125 0.08359375
1 0.7671875 0.66484375 0.090625 0.1125
1 0.328125 0.49140625 0.065625 0.05
1 0.69453125 0.86015625 0.13359375 0.17109375
1 0.921875 0.48359375 0.0484375 0.05859375
1 0.37109375 0.93984375 0.20703125 0.1125
1 0.66796875 0.37734375 0.028125 0.02109375
1 0.5765625 0.4625 0.05078125 0.05
1 0.7796875 0.39375 0.03125 0.02890625
1 0.8296875 0.52734375 0.05703125 0.07109375
1 0.82265625 0.35859375 0.01953125 0.01640625
1 0.84765625 0.45859375 0.03671875 0.04140625
1 0.60546875 0.39609375 0.034375 0.04140625
1 0.9203125 0.41640625 0.034375 0.04140625
0 0.703125 0.525 0.13984375 0.1671875
0 0.86953125 0.4078125 0.05859375 0.103125
1 0.71328125 0.353125 0.021875 0.03359375