1 0.60078125 0.56875 0.07109375 0.07109375
1 0.91796875 0.46015625 0.03984375 0.04609375
1 0.64453125 0.63515625 0.090625 0.10390625
1 0.46328125 0.4375 0.03984375 0.04140625
1 0.08125 0.58515625 0.11640625 0.07890625
1 0.8625 0.41484375 0.03125 0.0375
1 0.80390625 0.56015625 0.06796875 0.07890625
1 0.71484375 0.35390625 0.01953125 0.01640625
1 0.67578125 0.38515625 0.028125 0.02890625
1 0.85234375 0.45 0.03984375 0.05
0 0.41640625 0.48984375 0.09921875 0.1125
1 0.83984375 0.37734375 0.02578125 0.02890625
1 0.75390625 0.33515625 0.01953125 0.02109375
1 0.5609375 0.46640625 0.05390625 0.06640625
1 0.88359375 0.38984375 0.02265625 0.02890625
1 0.69921875 0.39375 0.028125 0.02890625
0 0.778125 0.43125 0.07421875 0.10390625
1 0.91640625 0.5125 0.0484375 0.05859375
1 0.5296875 0.43125 0.0484375 0.04609375
1 0.69296875 0.35 0.0171875 0.01640625
0 0.7796875 0.66640625 0.09921875 0.15
1 0.80546875 0.37734375 0.02578125 0.02890625