1 0.75546875 0.71796875 0.1078125 0.12421875
1 0.90078125 0.63515625 0.08359375 0.1140625
1 0.04921875 0.6390625 0.0921875 0.1296875
1 0.325 0.503125 0.0765625 0.06484375
1 0.53671875 0.415625 0.04765625 0.04765625
1 0.5953125 0.38828125 0.04375 0.040625
1 0.68984375 0.48125 0.05703125 0.06328125
1 0.66953125 0.41484375 0.04140625 0.04296875
1 0.92109375 0.43671875 0.0453125 0.05390625
1 0.875 0.41796875 0.034375 0.04375
1 0.83203125 0.3984375 0.02734375 0.040625
1 0.7828125 0.39375 0.03125 0.040625