1 0.3 0.50390625 0.07109375 0.05859375
1 0.63515625 0.92265625 0.16796875 0.14609375
1 0.753125 0.74140625 0.1078125 0.13359375
1 0.590625 0.69765625 0.1078125 0.12109375
1 0.359375 0.53515625 0.08828125 0.07890625
1 0.88359375 0.37890625 0.028125 0.03359375
1 0.65625 0.36640625 0.02265625 0.025
1 0.815625 0.36484375 0.02265625 0.02109375
1 0.77578125 0.4 0.034375 0.03359375
1 0.565625 0.43984375 0.03984375 0.04609375
1 0.86484375 0.93125 0.15078125 0.12890625
1 0.846875 0.37109375 0.02265625 0.025
1 0.86796875 0.42109375 0.03671875 0.04140625
1 0.8453125 0.46484375 0.04296875 0.05390625
1 0.65234375 0.39765625 0.03125 0.02890625
0 0.796875 0.59140625 0.0765625 0.10859375
1 0.73046875 0.34609375 0.0171875 0.01640625
1 0.8578125 0.35234375 0.0171875 0.02109375
1 0.85546875 0.32890625 0.0171875 0.01640625
1 0.92734375 0.35390625 0.01953125 0.025
1 0.80078125 0.32734375 0.02265625 0.02109375
0 0.590625 0.39765625 0.0453125 0.05390625
1 0.76015625 0.3375 0.01953125 0.01640625
0 0.23984375 0.865625 0.4796875 0.25