1 0.46484375 0.88515625 0.19140625 0.18125
0 0.9078125 0.25390625 0.09921875 0.05
1 0.640625 0.9125 0.1390625 0.175
1 0.71328125 0.76640625 0.10390625 0.16328125
1 0.7984375 0.67578125 0.096875 0.1390625
1 0.80703125 0.58828125 0.07734375 0.0703125
1 0.91328125 0.58515625 0.078125 0.09609375
1 0.83515625 0.534375 0.06015625 0.07734375
0 0.85859375 0.4609375 0.0484375 0.084375
1 0.65078125 0.51875 0.0703125 0.08359375
1 0.728125 0.5234375 0.0609375 0.06484375
1 0.46640625 0.49921875 0.06484375 0.053125
1 0.4859375 0.46015625 0.05703125 0.05
1 0.35078125 0.48515625 0.05859375 0.053125
1 0.05859375 0.63984375 0.1109375 0.13203125
1 0.08671875 0.753125 0.1734375 0.16328125
1 0.64609375 0.4328125 0.04609375 0.04375