1 0.2609375 0.8765625 0.2265625 0.20546875
0 0.84765625 0.48359375 0.05390625 0.075
1 0.8625 0.90703125 0.15078125 0.17890625
1 0.5390625 0.7421875 0.11875 0.15078125
1 0.63828125 0.90703125 0.14609375 0.18515625
1 0.71328125 0.7640625 0.1 0.1484375
1 0.796875 0.67890625 0.09140625 0.13046875
1 0.80703125 0.58359375 0.06484375 0.065625
1 0.8296875 0.534375 0.059375 0.08203125
1 0.9234375 0.5203125 0.0640625 0.07265625
1 0.65 0.52109375 0.06953125 0.075
1 0.7046875 0.46328125 0.0546875 0.05546875
1 0.3046875 0.6203125 0.11640625 0.10625
1 0.27421875 0.5703125 0.090625 0.09375
1 0.08515625 0.628125 0.12265625 0.11796875
1 0.91875 0.4140625 0.034375 0.03671875
1 0.55546875 0.43125 0.046875 0.04765625
1 0.8015625 0.43203125 0.034375 0.0453125