1 0.66171875 0.92421875 0.16171875 0.1515625
0 0.3734375 0.4875 0.190625 0.2
1 0.2171875 0.90390625 0.22421875 0.1921875
0 0.634375 0.5234375 0.07578125 0.0890625
1 0.8078125 0.565625 0.0625 0.075
1 0.7578125 0.7171875 0.1015625 0.128125
1 0.90859375 0.640625 0.084375 0.11484375
1 0.77734375 0.465625 0.04921875 0.0578125
1 0.84296875 0.4765625 0.05390625 0.059375
1 0.9171875 0.46015625 0.0421875 0.0453125
1 0.87890625 0.41796875 0.03359375 0.0484375
1 0.8140625 0.4171875 0.03359375 0.03828125
1 0.75859375 0.41640625 0.040625 0.04140625
1 0.6328125 0.4140625 0.034375 0.0359375
1 0.60078125 0.38984375 0.03359375 0.04296875
1 0.5203125 0.50625 0.0625 0.07734375