1 0.58828125 0.40859375 0.034375 0.03359375
1 0.91875 0.46484375 0.04296875 0.04609375
1 0.82265625 0.5375 0.059375 0.075
1 0.76875 0.4125 0.03125 0.03359375
1 0.8734375 0.82734375 0.11640625 0.17109375
1 0.4046875 0.74375 0.1390625 0.1375
1 0.58359375 0.73125 0.121875 0.1375
1 0.8609375 0.35234375 0.0171875 0.02109375
1 0.85546875 0.45 0.03984375 0.04140625
1 0.8734375 0.39375 0.02578125 0.02890625
1 0.66640625 0.91875 0.14453125 0.15390625
1 0.88671875 0.37109375 0.02265625 0.025
1 0.83203125 0.3875 0.028125 0.03359375
1 0.74453125 0.50625 0.05703125 0.0625
1 0.925 0.37734375 0.02578125 0.02890625
1 0.8296875 0.35234375 0.02265625 0.02109375
1 0.66640625 0.41484375 0.03671875 0.0375
1 0.6390625 0.38125 0.034375 0.02890625
1 0.503125 0.44140625 0.0453125 0.05
1 0.721875 0.34609375 0.02265625 0.025
1 0.0484375 0.64609375 0.096875 0.10859375
1 0.87890625 0.33125 0.0140625 0.02109375