0 0.4234375 0.775 0.44296875 0.45
1 0.69765625 0.84375 0.128125 0.1875
1 0.3734375 0.525 0.08203125 0.075
1 0.27578125 0.54375 0.090625 0.07109375
1 0.70625 0.46015625 0.04296875 0.04609375
1 0.87109375 0.90859375 0.15078125 0.175
1 0.55390625 0.44140625 0.05078125 0.05
1 0.64453125 0.38984375 0.028125 0.02109375
1 0.4875 0.45 0.0484375 0.04140625
1 0.66484375 0.35859375 0.02265625 0.025
1 0.91328125 0.4875 0.04296875 0.05
1 0.84921875 0.47734375 0.0453125 0.05390625
1 0.6703125 0.40625 0.028125 0.02890625
1 0.8578125 0.43515625 0.034375 0.02890625
0 0.784375 0.42109375 0.07421875 0.11640625
1 0.63671875 0.4375 0.034375 0.03359375
1 0.871875 0.41640625 0.028125 0.03359375
1 0.0609375 0.77265625 0.121875 0.17890625
1 0.88203125 0.38984375 0.02578125 0.02890625
1 0.8890625 0.3625 0.02265625 0.025
0 0.78125 0.60859375 0.11953125 0.18359375