1 0.54765625 0.6125 0.0890625 0.08828125
1 0.61328125 0.68671875 0.1203125 0.1171875
1 0.759375 0.675 0.1015625 0.12578125
1 0.9078125 0.61015625 0.08984375 0.115625
1 0.671875 0.9125 0.16171875 0.175
1 0.35625 0.9484375 0.20625 0.103125
1 0.16640625 0.91328125 0.25390625 0.1734375
1 0.30078125 0.56015625 0.0984375 0.10625
1 0.453125 0.46015625 0.0484375 0.04921875
1 0.4578125 0.43046875 0.05 0.0453125
1 0.46953125 0.5078125 0.07265625 0.09296875
1 0.63203125 0.39765625 0.0328125 0.046875
1 0.6859375 0.3859375 0.025 0.03671875
1 0.68359375 0.353125 0.03046875 0.03671875
1 0.75390625 0.496875 0.05703125 0.05546875
1 0.846875 0.46953125 0.03984375 0.04296875
1 0.92265625 0.47109375 0.0546875 0.05625
1 0.86796875 0.4390625 0.04453125 0.046875
1 0.93125 0.4 0.04140625 0.0359375
1 0.875 0.4046875 0.03515625 0.0375
1 0.790625 0.3921875 0.03046875 0.0359375
1 0.74375 0.375 0.03203125 0.0375
0 0.79765625 0.55625 0.0796875 0.15078125