1 0.86484375 0.41875 0.03125 0.0375
1 0.86484375 0.82734375 0.128125 0.17890625
1 0.77734375 0.45859375 0.04296875 0.05
1 0.82265625 0.51640625 0.05390625 0.06640625
1 0.63046875 0.425 0.03984375 0.04140625
1 0.909375 0.4875 0.0453125 0.06640625
1 0.7 0.82265625 0.128125 0.1625
1 0.91875 0.41640625 0.03671875 0.04140625
1 0.85546875 0.35859375 0.02265625 0.025
1 0.88359375 0.37734375 0.02265625 0.02890625
1 0.7671875 0.4 0.028125 0.03359375
1 0.6234375 0.39375 0.03125 0.02890625
1 0.92578125 0.36640625 0.02265625 0.025
1 0.8109375 0.36640625 0.01953125 0.025
1 0.7671875 0.35625 0.0171875 0.02109375
1 0.90078125 0.3375 0.0171875 0.025
1 0.703125 0.36015625 0.01953125 0.02109375
1 0.83828125 0.34375 0.0171875 0.02109375
0 0.32734375 0.796875 0.525 0.39765625
0 0.415625 0.50078125 0.1578125 0.146875
1 0.24921875 0.53984375 0.11484375 0.10546875
1 0.51875 0.4125 0.04453125 0.046875
1 0.65859375 0.36484375 0.03125 0.05390625
0 0.746875 0.340625 0.0328125 0.05078125