1 0.753125 0.69140625 0.096875 0.125
1 0.90625 0.65859375 0.08515625 0.10859375
1 0.921875 0.44765625 0.04296875 0.04609375
1 0.69765625 0.82265625 0.11640625 0.15390625
1 0.79375 0.60234375 0.07109375 0.0875
1 0.5296875 0.62734375 0.09375 0.09609375
1 0.82109375 0.52109375 0.0625 0.075
1 0.79375 0.43359375 0.03671875 0.04140625
1 0.50390625 0.46875 0.05390625 0.04609375
1 0.22421875 0.95625 0.215625 0.07890625
1 0.74609375 0.51484375 0.0484375 0.0625
1 0.61640625 0.39765625 0.034375 0.02890625
1 0.92734375 0.3875 0.02578125 0.03359375
1 0.8296875 0.38984375 0.02265625 0.02890625
1 0.7015625 0.45625 0.0453125 0.0375
0 0.64765625 0.58984375 0.153125 0.2375
1 0.8125 0.36484375 0.0171875 0.02109375
0 0.85390625 0.44140625 0.059375 0.08359375
1 0.784375 0.38984375 0.028125 0.02890625
1 0.690625 0.36015625 0.02265625 0.02890625
1 0.78125 0.31875 0.0171875 0.02109375
1 0.75859375 0.33515625 0.0171875 0.02109375
0 0.88359375 0.38515625 0.034375 0.0625
0 0.85546875 0.34609375 0.028125 0.04140625
0 0.80703125 0.3125 0.02265625 0.03359375