1 0.77109375 0.65 0.08203125 0.1
1 0.7640625 0.47734375 0.0453125 0.04609375
1 0.815625 0.55 0.0625 0.075
1 0.9203125 0.47109375 0.0453125 0.05
1 0.66484375 0.3625 0.02265625 0.025
1 0.66484375 0.625 0.08515625 0.08359375
1 0.71484375 0.36875 0.02578125 0.02109375
1 0.70703125 0.45859375 0.0453125 0.05
1 0.8265625 0.39609375 0.028125 0.03359375
1 0.92734375 0.4 0.03125 0.03359375
1 0.5453125 0.45625 0.0453125 0.04609375
0 0.15078125 0.56640625 0.153125 0.15
1 0.90234375 0.63359375 0.0765625 0.10859375
1 0.93046875 0.35 0.01953125 0.025
1 0.640625 0.94609375 0.15625 0.1
1 0.86484375 0.43984375 0.03671875 0.04609375
1 0.86640625 0.94609375 0.14765625 0.1
1 0.840625 0.48984375 0.05078125 0.0625
1 0.80703125 0.37109375 0.02265625 0.025
0 0.85390625 0.34140625 0.03125 0.05859375
1 0.77734375 0.3375 0.01953125 0.01640625
1 0.359375 0.53203125 0.090625 0.09765625
0 0.87421875 0.39453125 0.05 0.0640625