1 0.25 0.5875 0.11328125 0.09140625
1 0.67578125 0.91484375 0.1421875 0.1625
1 0.86328125 0.88515625 0.1421875 0.2125
1 0.91328125 0.52890625 0.05390625 0.06640625
1 0.74609375 0.7125 0.10546875 0.14140625
1 0.5015625 0.51015625 0.07109375 0.0625
1 0.53984375 0.45859375 0.0453125 0.04140625
1 0.06953125 0.75625 0.1390625 0.1375
1 0.30546875 0.52734375 0.0765625 0.0625
1 0.6375 0.52109375 0.0484375 0.05859375
1 0.6875 0.36640625 0.02265625 0.01640625
1 0.578125 0.41015625 0.03671875 0.0375
1 0.815625 0.40859375 0.028125 0.03359375
1 0.9234375 0.38515625 0.02265625 0.0375
1 0.7015625 0.35625 0.0171875 0.02109375
0 0.71484375 0.5 0.1109375 0.175
0 0.80546875 0.5375 0.121875 0.225
0 0.74296875 0.34375 0.03125 0.0375
0 0.865625 0.42109375 0.06640625 0.096875