1 0.83515625 0.52109375 0.05078125 0.05859375
1 0.7984375 0.63125 0.0796875 0.09609375
1 0.89453125 0.75234375 0.096875 0.1375
1 0.60625 0.53984375 0.08203125 0.09609375
1 0.465625 0.84765625 0.1703125 0.17890625
1 0.21484375 0.5375 0.08203125 0.06640625
1 0.41171875 0.45625 0.0453125 0.04609375
1 0.8578125 0.44609375 0.03984375 0.05
1 0.79296875 0.38515625 0.028125 0.02890625
1 0.73046875 0.75 0.10234375 0.10859375
1 0.7171875 0.35234375 0.01953125 0.02109375
1 0.66640625 0.39375 0.03125 0.02109375
1 0.7671875 0.32890625 0.0171875 0.01640625
1 0.8734375 0.39765625 0.03125 0.0375
1 0.934375 0.33125 0.0171875 0.02109375
0 0.33125 0.52890625 0.16171875 0.13359375
0 0.83203125 0.375 0.0453125 0.06640625
1 0.896875 0.353125 0.02265625 0.0375