0 0.45859375 0.46484375 0.13359375 0.1375
1 0.25078125 0.89453125 0.21015625 0.1875
0 0.73046875 0.51796875 0.08515625 0.1140625
0 0.60859375 0.921875 0.28671875 0.15546875
1 0.56484375 0.68984375 0.1078125 0.12421875
1 0.13828125 0.60859375 0.13046875 0.1203125
1 0.20546875 0.53671875 0.08046875 0.0921875
1 0.0609375 0.778125 0.121875 0.14921875
1 0.58203125 0.43203125 0.0515625 0.0484375
1 0.625 0.3796875 0.0359375 0.0390625
1 0.73671875 0.42734375 0.0453125 0.05546875
1 0.80546875 0.41875 0.03125 0.0375