1 0.2375 0.52265625 0.08203125 0.07109375
1 0.91875 0.45859375 0.04296875 0.05
1 0.80234375 0.41484375 0.03125 0.0375
1 0.66328125 0.96015625 0.15625 0.07109375
1 0.8609375 0.43984375 0.03984375 0.04609375
1 0.90078125 0.58984375 0.06796875 0.09609375
1 0.55234375 0.48125 0.05390625 0.05390625
1 0.72578125 0.45 0.04296875 0.04140625
1 0.60546875 0.42265625 0.03984375 0.0375
1 0.70625 0.36875 0.03125 0.02890625
1 0.75 0.49609375 0.05078125 0.05859375
1 0.925 0.4 0.03125 0.03359375
0 0.503125 0.825 0.159375 0.175
1 0.809375 0.58125 0.0625 0.07890625
1 0.846875 0.37265625 0.02265625 0.02109375
1 0.6234375 0.39609375 0.03125 0.03359375
1 0.8765625 0.41484375 0.03125 0.0375
1 0.77109375 0.4 0.03125 0.03359375
1 0.75 0.33515625 0.02265625 0.02109375
1 0.825 0.35625 0.01953125 0.02109375
0 0.7328125 0.70390625 0.159375 0.29140625
1 0.83671875 0.50390625 0.05390625 0.075
1 0.77109375 0.34140625 0.01953125 0.01640625
0 0.89140625 0.3625 0.03984375 0.0796875