1 0.68046875 0.49140625 0.05390625 0.05859375
1 0.9203125 0.48984375 0.05078125 0.05390625
1 0.76171875 0.72265625 0.090625 0.12109375
1 0.86328125 0.4375 0.03984375 0.04140625
1 0.8421875 0.48359375 0.0484375 0.05859375
1 0.65078125 0.42109375 0.03984375 0.04140625
1 0.6109375 0.39375 0.034375 0.0375
1 0.48046875 0.43515625 0.03984375 0.0375
1 0.6578125 0.9125 0.16171875 0.16640625
1 0.090625 0.5875 0.11328125 0.075
1 0.80703125 0.56875 0.06796875 0.07890625
1 0.91484375 0.575 0.0625 0.08359375
0 0.69140625 0.3625 0.05390625 0.06640625
1 0.859375 0.35625 0.01953125 0.02109375
1 0.815625 0.35859375 0.02265625 0.025
0 0.45859375 0.77734375 0.33203125 0.4375
0 0.77421875 0.43359375 0.10078125 0.12734375
1 0.878125 0.41015625 0.04140625 0.028125
0 0.35703125 0.48203125 0.13203125 0.125