1 0.91875 0.45625 0.04296875 0.04609375
1 0.91328125 0.54609375 0.059375 0.075
1 0.22734375 0.55859375 0.090625 0.075
1 0.8109375 0.58125 0.07109375 0.0875
1 0.52421875 0.43515625 0.04296875 0.0375
1 0.81640625 0.36484375 0.01953125 0.02109375
1 0.7015625 0.37734375 0.02265625 0.02109375
1 0.8453125 0.37265625 0.02578125 0.02890625
1 0.78125 0.39140625 0.028125 0.03359375
1 0.64453125 0.40390625 0.034375 0.025
1 0.8578125 0.43515625 0.034375 0.0375
1 0.715625 0.80390625 0.125 0.15859375
0 0.64765625 0.58359375 0.1703125 0.25859375
1 0.7203125 0.34140625 0.01953125 0.01640625
1 0.69140625 0.35234375 0.02578125 0.02109375
1 0.75390625 0.34765625 0.01953125 0.02109375
1 0.875 0.40859375 0.028125 0.03359375
1 0.88671875 0.37109375 0.02265625 0.025