1 0.721875 0.76484375 0.1078125 0.1375
1 0.778125 0.62890625 0.08515625 0.1
1 0.7515625 0.4875 0.0484375 0.05859375
1 0.846875 0.45859375 0.03984375 0.05
1 0.46015625 0.44375 0.0453125 0.0375
1 0.875 0.40390625 0.028125 0.03359375
1 0.83515625 0.3875 0.028125 0.025
1 0.58125 0.39765625 0.03125 0.02890625
1 0.82421875 0.53359375 0.05703125 0.06640625
1 0.753125 0.42109375 0.034375 0.03359375
1 0.675 0.37109375 0.02578125 0.025
1 0.91875 0.4375 0.03671875 0.04140625
1 0.2328125 0.52890625 0.0796875 0.05859375
1 0.7328125 0.375 0.02265625 0.025
1 0.30078125 0.83359375 0.19296875 0.19140625
1 0.71015625 0.34765625 0.028125 0.02109375
1 0.6265625 0.96640625 0.1734375 0.05859375
1 0.925 0.37734375 0.02578125 0.02890625
1 0.8140625 0.36015625 0.01953125 0.02109375
1 0.84921875 0.92890625 0.14765625 0.125
1 0.85546875 0.35859375 0.02265625 0.025
1 0.19765625 0.6125 0.121875 0.10859375
1 0.75390625 0.325 0.0140625 0.01640625
0 0.88203125 0.37109375 0.02578125 0.05
0 0.83984375 0.3 0.0140625 0.025
0 0.88359375 0.31640625 0.0171875 0.025
0 0.8125 0.30234375 0.0171875 0.02109375