1 0.91015625 0.54140625 0.059375 0.075
1 0.40078125 0.48984375 0.0625 0.05390625
1 0.88203125 0.75234375 0.10546875 0.14609375
1 0.88671875 0.375 0.02265625 0.025
1 0.503125 0.43125 0.03984375 0.0375
1 0.76875 0.40390625 0.03125 0.03359375
1 0.69765625 0.86484375 0.128125 0.17109375
1 0.73046875 0.5125 0.05703125 0.06640625
1 0.765625 0.6625 0.08828125 0.11640625
1 0.809375 0.57890625 0.06796875 0.075
1 0.9203125 0.44140625 0.03984375 0.04140625
1 0.8265625 0.52109375 0.05703125 0.06640625
1 0.92578125 0.38125 0.028125 0.02890625
1 0.6546875 0.4 0.03125 0.025
1 0.71484375 0.36640625 0.02578125 0.025
1 0.4203125 0.74140625 0.1421875 0.125
1 0.92734375 0.35 0.01953125 0.025
1 0.75546875 0.34375 0.0171875 0.02109375
1 0.69296875 0.36484375 0.02265625 0.02109375
1 0.86796875 0.41015625 0.03125 0.0375
1 0.628125 0.38984375 0.028125 0.02890625
1 0.85078125 0.45625 0.04296875 0.04609375
1 0.89765625 0.35625 0.0171875 0.02109375