0 0.909375 0.26015625 0.090625 0.02890625
1 0.909375 0.575 0.06796875 0.08359375
1 0.715625 0.525 0.05703125 0.06640625
1 0.82265625 0.54609375 0.065625 0.075
1 0.61796875 0.37890625 0.02578125 0.025
1 0.778125 0.64609375 0.08515625 0.1
1 0.92578125 0.41484375 0.028125 0.0375
1 0.671875 0.4125 0.03125 0.03359375
1 0.925 0.38359375 0.02578125 0.03359375
1 0.75 0.41875 0.02265625 0.0375
1 0.7015625 0.35859375 0.02265625 0.025
0 0.78515625 0.425 0.05390625 0.1
1 0.75703125 0.33359375 0.01953125 0.01640625
1 0.809375 0.36640625 0.0171875 0.025
0 0.68203125 0.48515625 0.05078125 0.07109375
1 0.92578125 0.35859375 0.02265625 0.025
1 0.30703125 0.82890625 0.1703125 0.16640625
1 0.621875 0.94765625 0.159375 0.09609375
1 0.67578125 0.37109375 0.028125 0.025
1 0.625 0.4 0.02265625 0.025
0 0.85234375 0.43984375 0.06796875 0.12109375