1 0.7484375 0.66640625 0.09921875 0.125
0 0.78515625 0.41640625 0.07109375 0.11640625
0 0.05390625 0.58515625 0.1078125 0.20390625
1 0.31640625 0.82265625 0.2 0.18671875
1 0.2921875 0.584375 0.09921875 0.090625
1 0.62109375 0.54375 0.08203125 0.07734375
1 0.54140625 0.4578125 0.059375 0.0609375
1 0.58125 0.4109375 0.053125 0.04140625
1 0.63046875 0.43515625 0.0484375 0.05078125
1 0.81640625 0.57265625 0.07421875 0.09609375
1 0.89296875 0.63359375 0.08046875 0.1234375
1 0.91875 0.47578125 0.0515625 0.05234375
1 0.834375 0.4953125 0.05859375 0.06328125
1 0.85859375 0.43359375 0.0453125 0.05625
1 0.88125 0.39921875 0.03828125 0.02734375
1 0.921875 0.42109375 0.04375 0.04609375
1 0.6984375 0.3625 0.03359375 0.05546875
0 0.73515625 0.33984375 0.046875 0.065625