1 0.875 0.92890625 0.125 0.14140625
0 0.78515625 0.42890625 0.08203125 0.14140625
0 0.46484375 0.48515625 0.07421875 0.07109375
0 0.52109375 0.79375 0.1390625 0.15390625
1 0.1296875 0.5796875 0.11875 0.084375
0 0.91171875 0.5015625 0.0671875 0.08828125
1 0.6796875 0.88046875 0.14140625 0.20625
1 0.67734375 0.490625 0.0609375 0.06015625
1 0.29375 0.546875 0.09140625 0.084375
1 0.87265625 0.41796875 0.03046875 0.03671875
1 0.75078125 0.41875 0.03671875 0.0421875
1 0.68671875 0.378125 0.034375 0.0328125
1 0.65390625 0.36953125 0.02890625 0.03359375
0 0.8390625 0.37109375 0.03515625 0.05234375