0 0.41171875 0.78125 0.38671875 0.42890625
1 0.91171875 0.59375 0.06796875 0.0875
1 0.74453125 0.51484375 0.0625 0.07109375
1 0.48046875 0.45625 0.05078125 0.04609375
1 0.69765625 0.37734375 0.02578125 0.02890625
1 0.83828125 0.38359375 0.02265625 0.025
1 0.878125 0.4 0.028125 0.03359375
1 0.8578125 0.45390625 0.03984375 0.04140625
1 0.9234375 0.40859375 0.028125 0.03359375
1 0.91875 0.46875 0.04296875 0.05390625
1 0.5609375 0.44609375 0.0484375 0.04140625
1 0.58125 0.4125 0.03671875 0.03359375
1 0.859375 0.35625 0.01953125 0.02109375
1 0.75390625 0.76640625 0.11640625 0.19140625
1 0.82421875 0.56640625 0.07421875 0.1
1 0.921875 0.375 0.01953125 0.025
1 0.88359375 0.375 0.02265625 0.025
0 0.78671875 0.32734375 0.07421875 0.0625
0 0.6578125 0.37421875 0.0328125 0.0546875
1 0.79296875 0.4484375 0.040625 0.04921875