1 0.8140625 0.53984375 0.05390625 0.0625
1 0.35078125 0.54765625 0.08203125 0.07109375
1 0.73125 0.7875 0.121875 0.15859375
1 0.90078125 0.62890625 0.06796875 0.09140625
1 0.140625 0.56484375 0.1109375 0.07890625
0 0.6890625 0.52890625 0.09921875 0.16640625
1 0.875 0.40390625 0.028125 0.03359375
1 0.859375 0.44765625 0.03671875 0.04609375
1 0.74609375 0.43125 0.03671875 0.0375
1 0.91875 0.42890625 0.03125 0.04140625
1 0.921875 0.39765625 0.02578125 0.02890625
1 0.72421875 0.36484375 0.02265625 0.02109375
1 0.4875 0.85234375 0.16171875 0.1875
1 0.88671875 0.36484375 0.02265625 0.02890625
1 0.7984375 0.37734375 0.028125 0.02890625
1 0.53984375 0.44609375 0.0453125 0.04140625
0 0.82734375 0.3859375 0.05078125 0.0875