1 0.5609375 0.44375 0.04296875 0.0375
1 0.60078125 0.55234375 0.065625 0.07109375
1 0.9203125 0.46640625 0.03984375 0.05
1 0.15234375 0.70859375 0.1390625 0.11640625
1 0.859375 0.45 0.03671875 0.04140625
1 0.40078125 0.46875 0.05703125 0.04609375
1 0.66015625 0.42265625 0.03671875 0.0375
1 0.9078125 0.60625 0.0765625 0.09609375
1 0.8765625 0.39765625 0.03125 0.0375
1 0.80390625 0.4375 0.034375 0.03359375
1 0.61796875 0.39140625 0.03125 0.03359375
1 0.92890625 0.37890625 0.028125 0.03359375
1 0.79140625 0.65625 0.08203125 0.10390625
0 0.7 0.36015625 0.0484375 0.0625
0 0.7265625 0.49609375 0.11875 0.18828125
1 0.83046875 0.5328125 0.0671875 0.06015625
0 0.44765625 0.49765625 0.08359375 0.06953125
1 0.07109375 0.67890625 0.1421875 0.125
0 0.49375 0.91953125 0.44609375 0.1515625