1 0.6234375 0.96875 0.15625 0.0625
0 0.52734375 0.42734375 0.1109375 0.12890625
1 0.35703125 0.9203125 0.2125 0.159375
1 0.3171875 0.58359375 0.10625 0.103125
1 0.59609375 0.5796875 0.08125 0.0859375
1 0.6515625 0.6328125 0.075 0.1078125
1 0.72890625 0.7609375 0.10703125 0.1609375
1 0.79453125 0.61015625 0.0734375 0.10078125
1 0.89609375 0.67109375 0.08203125 0.115625
1 0.921875 0.48203125 0.04765625 0.05234375
0 0.84765625 0.49453125 0.0421875 0.0859375
1 0.7203125 0.45703125 0.04609375 0.05078125
1 0.46015625 0.465625 0.04921875 0.05703125
1 0.61640625 0.4453125 0.03984375 0.0578125
0 0.80234375 0.4171875 0.0359375 0.06171875
1 0.86171875 0.4453125 0.05 0.053125
1 0.76875 0.41171875 0.0453125 0.04140625
1 0.64609375 0.40703125 0.0359375 0.03203125
1 0.6625 0.38125 0.03125 0.0359375