0 0.63046875 0.63046875 0.16484375 0.20390625
0 0.7796875 0.41875 0.0765625 0.12109375
1 0.4734375 0.66953125 0.121875 0.11875
1 0.1734375 0.94140625 0.24453125 0.11640625
0 0.715625 0.353125 0.0640625 0.0671875
1 0.721875 0.79765625 0.125 0.1703125
1 0.871875 0.953125 0.140625 0.09375
1 0.79765625 0.6140625 0.0796875 0.0890625
1 0.9109375 0.5953125 0.0703125 0.1125
1 0.8484375 0.51015625 0.053125 0.071875
1 0.85390625 0.45703125 0.04140625 0.0578125
1 0.91953125 0.4328125 0.05 0.05078125
1 0.678125 0.49453125 0.06171875 0.0578125
1 0.559375 0.44921875 0.0546875 0.04609375
1 0.38046875 0.49609375 0.0765625 0.05703125
1 0.63125 0.39375 0.03359375 0.03828125