1 0.59921875 0.56484375 0.07421875 0.07109375
1 0.925 0.41484375 0.03125 0.0375
1 0.66328125 0.91015625 0.16171875 0.17109375
1 0.55546875 0.775 0.13359375 0.14140625
1 0.89765625 0.6 0.07421875 0.1
1 0.3734375 0.475 0.059375 0.05
1 0.9203125 0.48125 0.0453125 0.05390625
1 0.8109375 0.575 0.059375 0.075
1 0.83515625 0.50859375 0.05078125 0.05859375
1 0.45859375 0.46484375 0.05390625 0.04609375
1 0.528125 0.41640625 0.03984375 0.04140625
1 0.76953125 0.675 0.090625 0.11640625
1 0.74609375 0.5125 0.05390625 0.05859375
1 0.65625 0.40234375 0.034375 0.0375
1 0.72265625 0.34765625 0.01953125 0.02109375
1 0.61640625 0.4 0.034375 0.025
1 0.31640625 0.525 0.07109375 0.06640625
1 0.65078125 0.37265625 0.028125 0.02109375
1 0.85625 0.47265625 0.03671875 0.04609375
1 0.809375 0.42109375 0.034375 0.03359375
1 0.8625 0.4375 0.03671875 0.04140625
1 0.92578125 0.37734375 0.02265625 0.02890625
1 0.83203125 0.34765625 0.0171875 0.02109375
1 0.8453125 0.37734375 0.02578125 0.02890625
1 0.75 0.35 0.0171875 0.025
1 0.79296875 0.325 0.0171875 0.01640625
0 0.88046875 0.37734375 0.034375 0.05390625
0 0.75546875 0.4125 0.034375 0.04140625
0 0.8296875 0.30234375 0.01171875 0.02109375
0 0.8921875 0.30234375 0.0171875 0.02890625