1 0.83203125 0.49375 0.05078125 0.0625
1 0.91171875 0.54609375 0.0625 0.075
1 0.80234375 0.58359375 0.0765625 0.09140625
1 0.89375 0.79609375 0.10546875 0.15
1 0.80234375 0.42109375 0.03125 0.03359375
1 0.640625 0.40234375 0.03125 0.02890625
1 0.684375 0.4875 0.05703125 0.05859375
1 0.753125 0.33515625 0.0171875 0.02109375
1 0.91875 0.48125 0.0484375 0.05390625
1 0.69921875 0.35 0.0171875 0.01640625
1 0.7171875 0.80859375 0.121875 0.16640625
0 0.5140625 0.72890625 0.2671875 0.4
1 0.58359375 0.4625 0.0484375 0.04140625
1 0.8421875 0.37265625 0.01953125 0.02109375
1 0.50859375 0.44375 0.05078125 0.04609375
1 0.828125 0.35234375 0.01953125 0.02109375
0 0.86484375 0.42265625 0.05390625 0.0875
1 0.93046875 0.36875 0.02578125 0.04609375
1 0.89453125 0.37109375 0.028125 0.03359375