0 0.91015625 0.25859375 0.08828125 0.03359375
1 0.27734375 0.86875 0.190625 0.17890625
1 0.8921875 0.70234375 0.090625 0.12890625
1 0.4359375 0.54140625 0.08203125 0.08359375
1 0.6421875 0.42890625 0.03984375 0.03359375
1 0.8609375 0.44609375 0.03984375 0.04140625
1 0.58515625 0.4125 0.034375 0.03359375
1 0.76015625 0.41484375 0.03671875 0.0375
1 0.8296875 0.5 0.05078125 0.05859375
1 0.671875 0.3875 0.03125 0.025
1 0.49609375 0.45234375 0.05390625 0.04609375
0 0.72265625 0.75234375 0.121875 0.1875
0 0.65078125 0.575 0.16484375 0.25
1 0.92734375 0.4 0.02578125 0.04140625
1 0.7203125 0.375 0.02578125 0.03359375
1 0.73046875 0.3375 0.0171875 0.01640625
1 0.80390625 0.56015625 0.0625 0.07109375
1 0.5484375 0.58359375 0.0625 0.1
0 0.8734375 0.3875 0.04296875 0.08359375
0 0.8109375 0.39609375 0.05390625 0.09140625
0 0.88203125 0.31875 0.01953125 0.0375
0 0.3 0.5375 0.13359375 0.13359375