1 0.55859375 0.4375 0.04296875 0.04140625
1 0.9078125 0.575 0.07109375 0.09140625
1 0.41640625 0.48125 0.059375 0.05390625
1 0.67578125 0.59375 0.08515625 0.0875
1 0.80859375 0.57734375 0.07109375 0.0875
1 0.7171875 0.79140625 0.1109375 0.14140625
1 0.7828125 0.39609375 0.03125 0.03359375
1 0.66015625 0.38125 0.02578125 0.02109375
1 0.6703125 0.4125 0.034375 0.03359375
1 0.78125 0.46015625 0.03984375 0.04609375
1 0.72890625 0.44375 0.04296875 0.04609375
1 0.80703125 0.41875 0.028125 0.0375
1 0.8109375 0.36640625 0.01953125 0.025
1 0.4859375 0.51484375 0.05703125 0.0625
1 0.47265625 0.68125 0.1109375 0.10390625
1 0.92578125 0.40625 0.028125 0.0375
0 0.84921875 0.4375 0.06796875 0.125
1 0.4203125 0.89765625 0.19296875 0.16953125
1 0.925 0.37109375 0.01953125 0.025
1 0.7375 0.34375 0.01953125 0.02109375
1 0.76171875 0.3375 0.0171875 0.01640625
0 0.89609375 0.34140625 0.03125 0.05859375
0 0.70625 0.36015625 0.0484375 0.0625
0 0.8453125 0.35390625 0.03671875 0.05
0 0.86640625 0.3375 0.02265625 0.04140625
0 0.9046875 0.30859375 0.01953125 0.025
0 0.49921875 0.9359375 0.365625 0.1203125