1 0.6890625 0.47265625 0.05390625 0.05390625
1 0.66640625 0.59375 0.08203125 0.09609375
1 0.56796875 0.5875 0.0796875 0.075
1 0.8734375 0.41875 0.03125 0.0375
1 0.76015625 0.48359375 0.0484375 0.05
1 0.66484375 0.39765625 0.028125 0.0375
1 0.8 0.4375 0.03671875 0.04140625
1 0.77265625 0.39375 0.028125 0.0375
0 0.890625 0.775 0.10546875 0.14140625
1 0.721875 0.36640625 0.02265625 0.025
1 0.85234375 0.45859375 0.03984375 0.05
1 0.9203125 0.45 0.034375 0.05
1 0.9234375 0.3875 0.02265625 0.025
0 0.83203125 0.3875 0.028125 0.03359375
1 0.27109375 0.58984375 0.10546875 0.07109375
0 0.33828125 0.47890625 0.18203125 0.15
1 0.70703125 0.35390625 0.0171875 0.01640625
1 0.65625 0.36484375 0.02265625 0.02109375
1 0.8109375 0.36484375 0.01953125 0.02109375
1 0.74453125 0.33984375 0.0171875 0.02109375
1 0.565625 0.4328125 0.06875 0.08359375
1 0.62265625 0.39375 0.0390625 0.03984375
0 0.85546875 0.33984375 0.0328125 0.053125
0 0.90078125 0.33828125 0.034375 0.0640625
0 0.56640625 0.834375 0.4578125 0.32265625