1 0.71328125 0.79765625 0.11328125 0.14609375
1 0.73984375 0.51484375 0.059375 0.0625
1 0.90234375 0.55625 0.059375 0.07109375
1 0.84375 0.475 0.0453125 0.05
1 0.89609375 0.64609375 0.0765625 0.1
1 0.16171875 0.62890625 0.11953125 0.1
1 0.7953125 0.6125 0.0796875 0.1
1 0.81640625 0.40625 0.03125 0.0375
1 0.8109375 0.37109375 0.01953125 0.025
1 0.6375 0.43125 0.03671875 0.04609375
1 0.87109375 0.4 0.03125 0.025
1 0.0609375 0.63515625 0.121875 0.09609375
1 0.88515625 0.38125 0.02578125 0.02890625
1 0.68203125 0.38515625 0.028125 0.02890625
1 0.8609375 0.425 0.034375 0.03359375
1 0.5640625 0.41640625 0.03125 0.04140625
1 0.06796875 0.7578125 0.1359375 0.159375
1 0.91328125 0.47734375 0.04296875 0.05390625
1 0.9234375 0.38359375 0.028125 0.03359375
1 0.7 0.34765625 0.01953125 0.02109375
1 0.91875 0.41484375 0.03125 0.02890625
1 0.7375 0.35625 0.02578125 0.02890625
0 0.63359375 0.37109375 0.05703125 0.075
0 0.50859375 0.425 0.08515625 0.09140625
0 0.8921875 0.29765625 0.034375 0.0375
0 0.82109375 0.30234375 0.0171875 0.02109375
0 0.91484375 0.31484375 0.02265625 0.0375