1 0.84921875 0.46484375 0.03984375 0.05390625
1 0.72578125 0.78984375 0.1109375 0.14609375
1 0.9078125 0.53984375 0.05390625 0.07109375
1 0.82265625 0.51875 0.05390625 0.0625
1 0.925 0.38515625 0.02578125 0.02890625
1 0.778125 0.39375 0.02265625 0.02890625
1 0.86328125 0.41640625 0.034375 0.03359375
1 0.73046875 0.36015625 0.02265625 0.02109375
0 0.49375 0.75546875 0.33828125 0.45078125
0 0.45390625 0.46640625 0.15 0.15546875
1 0.6265625 0.446875 0.0453125 0.04453125
1 0.61171875 0.39921875 0.04609375 0.03359375
1 0.68125 0.36875 0.02890625 0.02265625
0 0.81640625 0.3921875 0.05 0.090625
0 0.89296875 0.34375 0.03515625 0.05703125