1 0.5140625 0.82109375 0.13671875 0.15
1 0.28671875 0.5125 0.0796875 0.05859375
1 0.70625 0.83984375 0.128125 0.17109375
1 0.8140625 0.55234375 0.07109375 0.07890625
1 0.840625 0.47890625 0.0453125 0.05
1 0.88671875 0.77890625 0.1078125 0.15
1 0.87109375 0.41015625 0.03125 0.0375
1 0.9234375 0.41015625 0.034375 0.0375
1 0.4390625 0.49765625 0.07109375 0.0625
1 0.88046875 0.38359375 0.028125 0.03359375
1 0.86953125 0.33515625 0.0171875 0.02109375
0 0.71875 0.33984375 0.0453125 0.05390625
1 0.92734375 0.34140625 0.01953125 0.025
1 0.8 0.38125 0.02578125 0.02890625
1 0.6703125 0.37265625 0.02265625 0.02109375
1 0.80859375 0.43125 0.02578125 0.0375
1 0.75390625 0.35 0.01953125 0.01640625
0 0.746875 0.45390625 0.090625 0.15859375
0 0.8890625 0.30859375 0.0171875 0.03359375
1 0.41875 0.47265625 0.0484375 0.0640625