0 0.28125 0.59609375 0.1703125 0.19140625
0 0.8453125 0.45390625 0.07109375 0.10859375
1 0.671875 0.8890625 0.1703125 0.22109375
1 0.44609375 0.70625 0.13671875 0.14140625
1 0.6734375 0.603125 0.08828125 0.08984375
1 0.81328125 0.56875 0.0765625 0.0921875
1 0.89375 0.69296875 0.0890625 0.1375
1 0.91171875 0.52734375 0.05703125 0.0734375
1 0.7765625 0.46640625 0.04921875 0.06171875
1 0.73515625 0.440625 0.04453125 0.0546875
1 0.659375 0.39609375 0.0421875 0.040625
1 0.56640625 0.41796875 0.04375 0.04375
1 0.05703125 0.7 0.11328125 0.125
1 0.0359375 0.6234375 0.071875 0.071875
1 0.925 0.41875 0.034375 0.0421875