1 0.6859375 0.825 0.11640625 0.15859375
1 0.9234375 0.44375 0.03984375 0.04609375
1 0.39375 0.74765625 0.14453125 0.1375
1 0.87109375 0.90625 0.13359375 0.17109375
1 0.91171875 0.525 0.05078125 0.06640625
1 0.7671875 0.40859375 0.034375 0.03359375
0 0.79140625 0.55234375 0.13359375 0.22890625
1 0.859375 0.43515625 0.03125 0.0375
1 0.925 0.4 0.03125 0.04140625
1 0.75859375 0.33359375 0.0171875 0.01640625
1 0.8765625 0.38515625 0.02578125 0.0375
1 0.77421875 0.32734375 0.0140625 0.02109375
0 0.67890625 0.36640625 0.05078125 0.06640625
0 0.93046875 0.3375 0.02578125 0.04140625
0 0.65078125 0.58125 0.13046875 0.1875
0 0.64453125 0.37265625 0.034375 0.05390625