1 0.3125 0.83125 0.17578125 0.1625
0 0.909375 0.25390625 0.10234375 0.05
1 0.725 0.778125 0.11875 0.13515625
1 0.6515625 0.61875 0.084375 0.1078125
1 0.78359375 0.63984375 0.08046875 0.1078125
1 0.80546875 0.57109375 0.07421875 0.07265625
1 0.91953125 0.5234375 0.05859375 0.09375
1 0.8328125 0.52109375 0.05859375 0.07421875
1 0.7609375 0.41875 0.04140625 0.05546875
1 0.85234375 0.465625 0.05703125 0.05078125
1 0.5109375 0.49921875 0.06796875 0.06328125
1 0.5359375 0.4296875 0.03984375 0.0453125
1 0.4328125 0.47890625 0.06015625 0.06796875
1 0.26015625 0.5515625 0.08203125 0.084375
1 0.17421875 0.70234375 0.1375 0.13046875
1 0.034375 0.6671875 0.06328125 0.121875
1 0.59375 0.39140625 0.02578125 0.03828125
1 0.63125 0.41953125 0.03671875 0.03359375