1 0.45 0.50078125 0.065625 0.06953125
1 0.41171875 0.82734375 0.16484375 0.17890625
0 0.74296875 0.46484375 0.10546875 0.14609375
0 0.69453125 0.7609375 0.28046875 0.45859375
1 0.39765625 0.48828125 0.06875 0.06953125
1 0.83515625 0.5109375 0.0609375 0.07265625
1 0.9171875 0.48828125 0.0515625 0.06015625
1 0.64140625 0.52734375 0.06796875 0.07734375
1 0.584375 0.46796875 0.0515625 0.065625
1 0.61640625 0.4 0.0359375 0.040625
1 0.66953125 0.41328125 0.03828125 0.04375
1 0.86171875 0.434375 0.040625 0.05
1 0.81875 0.41953125 0.02734375 0.04296875
1 0.92578125 0.41171875 0.04375 0.03671875