1 0.6859375 0.58125 0.0765625 0.07890625
1 0.87109375 0.4125 0.03125 0.03359375
1 0.77734375 0.40234375 0.03125 0.02890625
1 0.83203125 0.52109375 0.05703125 0.06640625
1 0.91484375 0.45625 0.03984375 0.04609375
1 0.85625 0.45859375 0.04296875 0.05
1 0.79375 0.60234375 0.0765625 0.09609375
1 0.70703125 0.46484375 0.05078125 0.05390625
1 0.675 0.92109375 0.15625 0.15
1 0.73828125 0.35234375 0.02265625 0.02109375
1 0.653125 0.38125 0.028125 0.02109375
0 0.44921875 0.47734375 0.1421875 0.10390625
1 0.89375 0.3625 0.01953125 0.03359375
1 0.9234375 0.4 0.028125 0.03359375
0 0.83828125 0.36015625 0.03984375 0.0625
1 0.684375 0.35 0.02265625 0.025
0 0.60625 0.4 0.04296875 0.05859375
0 0.74453125 0.70234375 0.10234375 0.15390625