1 0.57421875 0.7296875 0.134375 0.13671875
0 0.6703125 0.77734375 0.30078125 0.42890625
0 0.30703125 0.52890625 0.27265625 0.225
1 0.8921875 0.8625 0.125 0.175
1 0.08125 0.60078125 0.128125 0.096875
1 0.31796875 0.61015625 0.115625 0.1
1 0.51640625 0.434375 0.05859375 0.05703125
1 0.64453125 0.39921875 0.04765625 0.06171875
1 0.91328125 0.56484375 0.06328125 0.08359375
1 0.82890625 0.55546875 0.06171875 0.07109375
1 0.71640625 0.46484375 0.0453125 0.05078125
1 0.7546875 0.4953125 0.05859375 0.06328125
1 0.76484375 0.4171875 0.04140625 0.046875
1 0.8515625 0.46640625 0.04453125 0.04609375
1 0.9234375 0.4765625 0.05078125 0.05859375
1 0.83125 0.3890625 0.02578125 0.03359375
1 0.87734375 0.41015625 0.028125 0.03671875
1 0.7 0.40234375 0.04140625 0.03984375