1 0.58203125 0.58359375 0.0796875 0.08359375
1 0.50703125 0.42265625 0.04296875 0.0375
1 0.91484375 0.45390625 0.03984375 0.05
1 0.7484375 0.425 0.04296875 0.04140625
1 0.66796875 0.49609375 0.05703125 0.05859375
1 0.8265625 0.51640625 0.05703125 0.06640625
1 0.80390625 0.43125 0.034375 0.0375
1 0.85390625 0.45625 0.03671875 0.04609375
1 0.75 0.5125 0.05703125 0.05859375
1 0.925 0.36640625 0.01953125 0.025
1 0.30234375 0.84140625 0.184375 0.175
1 0.8265625 0.35234375 0.02265625 0.02109375
1 0.87109375 0.41640625 0.03125 0.03359375
1 0.80546875 0.37734375 0.02578125 0.02890625
1 0.734375 0.73125 0.10546875 0.1375
1 0.64765625 0.3875 0.0625 0.05
1 0.8765625 0.38515625 0.02578125 0.02890625
1 0.71015625 0.38984375 0.028125 0.02890625
1 0.83515625 0.38359375 0.02265625 0.03359375
1 0.05546875 0.6 0.1109375 0.08359375
1 0.4703125 0.96015625 0.20703125 0.07109375
1 0.8609375 0.35625 0.02265625 0.02109375
1 0.89609375 0.37265625 0.01953125 0.02890625
1 0.73125 0.34375 0.01953125 0.02109375
1 0.84921875 0.33359375 0.0171875 0.01640625
0 0.43359375 0.46015625 0.065625 0.07109375
1 0.7484375 0.35859375 0.01953125 0.025