1 0.23828125 0.86640625 0.221875 0.19140625
1 0.8 0.60234375 0.06328125 0.1
1 0.91171875 0.57578125 0.0609375 0.078125
1 0.91796875 0.45 0.034375 0.06015625
1 0.8640625 0.446875 0.04140625 0.04765625
1 0.7890625 0.44765625 0.05 0.0578125
1 0.746875 0.44765625 0.04921875 0.0546875
1 0.725 0.515625 0.0609375 0.08203125
1 0.42734375 0.51640625 0.07578125 0.07578125
1 0.4578125 0.4625 0.0546875 0.06015625
1 0.30546875 0.61953125 0.1203125 0.10625
1 0.1015625 0.584375 0.11640625 0.09921875
1 0.02421875 0.70703125 0.04375 0.1125
1 0.57265625 0.4 0.03515625 0.03984375
1 0.6109375 0.4015625 0.03515625 0.0359375