1 0.70625 0.78515625 0.121875 0.15390625
1 0.8921875 0.625 0.07421875 0.1
1 0.79140625 0.61875 0.07109375 0.0875
1 0.85625 0.4375 0.03671875 0.04140625
1 0.83828125 0.5 0.05703125 0.06640625
1 0.809375 0.41484375 0.034375 0.0375
1 0.19765625 0.90625 0.22421875 0.17890625
1 0.92578125 0.40625 0.034375 0.0375
1 0.909375 0.50625 0.05078125 0.0625
1 0.8734375 0.40390625 0.03125 0.03359375
1 0.621875 0.68359375 0.10234375 0.10859375
1 0.69765625 0.37734375 0.02578125 0.02890625
1 0.74453125 0.35625 0.02265625 0.02109375
1 0.73125 0.44609375 0.04296875 0.04140625
1 0.85234375 0.36015625 0.02265625 0.02890625
1 0.72421875 0.34765625 0.0171875 0.02109375
1 0.80859375 0.37265625 0.02578125 0.02890625
1 0.90234375 0.33359375 0.0140625 0.025
1 0.89375 0.36484375 0.02578125 0.0375
1 0.75703125 0.33125 0.0140625 0.02109375
1 0.84375 0.33515625 0.0171875 0.02109375