1 0.13046875 0.59609375 0.1078125 0.08359375
1 0.340625 0.59609375 0.10234375 0.09140625
1 0.91484375 0.47109375 0.0453125 0.05859375
1 0.7015625 0.84765625 0.13046875 0.17890625
1 0.52421875 0.48984375 0.059375 0.0625
1 0.846875 0.475 0.0453125 0.05
1 0.675 0.5 0.05390625 0.05
1 0.80859375 0.54765625 0.065625 0.07890625
1 0.875 0.4 0.028125 0.03359375
1 0.92578125 0.39375 0.028125 0.0375
1 0.815625 0.40625 0.028125 0.0375
1 0.8890625 0.74765625 0.096875 0.17890625
1 0.66875 0.36640625 0.02578125 0.025
1 0.79375 0.37890625 0.02578125 0.03359375
1 0.6734375 0.41484375 0.034375 0.0375
1 0.92578125 0.36015625 0.02265625 0.02890625
1 0.859375 0.34765625 0.01953125 0.02890625
1 0.796875 0.31484375 0.0140625 0.02109375
1 0.81640625 0.3625 0.01953125 0.025
0 0.88671875 0.35625 0.034375 0.0625
0 0.76953125 0.325 0.0171875 0.03359375
0 0.6125 0.40234375 0.08828125 0.0875