1 0.51953125 0.63359375 0.10234375 0.1
1 0.9078125 0.52734375 0.05390625 0.0625
1 0.66484375 0.37890625 0.028125 0.025
1 0.76875 0.4125 0.03671875 0.03359375
1 0.8765625 0.82109375 0.128125 0.19140625
1 0.78515625 0.57734375 0.0765625 0.0875
1 0.675 0.49140625 0.05390625 0.05859375
1 0.43046875 0.91484375 0.16796875 0.1625
1 0.871875 0.4125 0.034375 0.04140625
1 0.4359375 0.50234375 0.065625 0.0625
1 0.91171875 0.46015625 0.03984375 0.04609375
1 0.92890625 0.35859375 0.02265625 0.025
1 0.85078125 0.45859375 0.04296875 0.05
1 0.67578125 0.88515625 0.13671875 0.17890625
1 0.8609375 0.34765625 0.02265625 0.02109375
1 0.72421875 0.3375 0.0171875 0.01640625
1 0.83828125 0.37890625 0.02265625 0.03359375
0 0.23125 0.6375 0.15078125 0.15859375
1 0.89375 0.38359375 0.02578125 0.03359375
1 0.77109375 0.33125 0.02578125 0.02109375
0 0.60390625 0.41015625 0.05390625 0.0625