1 0.175 0.62265625 0.128125 0.10390625
1 0.83671875 0.38515625 0.02578125 0.02109375
1 0.7984375 0.43984375 0.03984375 0.0375
1 0.88359375 0.38515625 0.028125 0.02890625
1 0.83984375 0.48359375 0.04296875 0.05
1 0.7046875 0.35859375 0.02265625 0.01640625
1 0.52109375 0.42109375 0.03671875 0.03359375
1 0.85625 0.43984375 0.03125 0.0375
0 0.540625 0.703125 0.27265625 0.38515625
0 0.69765625 0.76171875 0.2484375 0.44609375
1 0.82109375 0.56953125 0.06640625 0.10703125
1 0.2171875 0.90078125 0.23203125 0.18984375
1 0.259375 0.540625 0.0890625 0.075
0 0.61484375 0.42890625 0.0453125 0.07421875
1 0.65 0.396875 0.02578125 0.0375
1 0.6859375 0.40859375 0.04296875 0.03359375