0 0.73828125 0.76640625 0.11953125 0.2
1 0.6140625 0.9640625 0.16875 0.071875
1 0.08828125 0.66875 0.153125 0.12109375
1 0.790625 0.61640625 0.08984375 0.115625
1 0.89375 0.6515625 0.08046875 0.10859375
1 0.91875 0.4859375 0.0484375 0.06484375
1 0.92734375 0.4125 0.0359375 0.03828125
1 0.8625 0.44140625 0.0421875 0.0453125
1 0.8484375 0.49765625 0.04921875 0.05546875
1 0.77890625 0.46796875 0.04921875 0.05234375
1 0.71015625 0.465625 0.053125 0.04765625
1 0.59453125 0.40546875 0.03671875 0.03359375
1 0.3671875 0.5296875 0.08671875 0.08203125