1 0.453125 0.5375 0.08203125 0.075
1 0.55234375 0.425 0.04296875 0.03359375
1 0.28828125 0.85625 0.184375 0.17109375
1 0.2203125 0.5625 0.09921875 0.075
1 0.67578125 0.37109375 0.028125 0.025
1 0.86953125 0.91640625 0.13671875 0.15859375
1 0.8921875 0.61640625 0.06796875 0.09140625
1 0.53828125 0.775 0.13359375 0.15
1 0.69296875 0.47890625 0.05078125 0.05
1 0.39921875 0.51484375 0.059375 0.07109375
1 0.8578125 0.44375 0.03984375 0.04609375
1 0.871875 0.40625 0.028125 0.02890625
1 0.7640625 0.40859375 0.028125 0.03359375
1 0.83671875 0.49609375 0.04296875 0.05859375
1 0.71015625 0.36640625 0.02265625 0.025
0 0.74609375 0.66875 0.190625 0.35390625
0 0.0625 0.67734375 0.12421875 0.18203125
1 0.73828125 0.50078125 0.05703125 0.0671875
1 0.7984375 0.43046875 0.0359375 0.06953125
0 0.846875 0.38125 0.0375 0.065625
1 0.40703125 0.465625 0.0546875 0.04296875