1 0.903125 0.60390625 0.07421875 0.09140625
1 0.56953125 0.5875 0.08203125 0.08359375
1 0.60546875 0.39765625 0.034375 0.02890625
1 0.91875 0.44609375 0.03671875 0.05
1 0.71171875 0.4625 0.0484375 0.04140625
1 0.92578125 0.38125 0.028125 0.02890625
1 0.8625 0.91875 0.15078125 0.15390625
0 0.375 0.79765625 0.409375 0.39609375
1 0.73046875 0.34609375 0.0171875 0.01640625
1 0.66640625 0.38984375 0.03125 0.0375
1 0.85625 0.46015625 0.03671875 0.0375
0 0.83203125 0.51640625 0.05078125 0.075
1 0.71171875 0.75859375 0.121875 0.2
1 0.75 0.33359375 0.0171875 0.01640625
0 0.796875 0.42734375 0.059375 0.07109375
0 0.81640625 0.37890625 0.05390625 0.05859375