1 0.65546875 0.921875 0.15546875 0.15625
0 0.2640625 0.50859375 0.221875 0.18359375
0 0.76953125 0.45390625 0.090625 0.125
1 0.8890625 0.72421875 0.09296875 0.14609375
1 0.596875 0.7171875 0.11640625 0.128125
1 0.30625 0.86015625 0.1890625 0.19765625
1 0.3828125 0.5703125 0.11171875 0.1078125
1 0.471875 0.48671875 0.05625 0.0796875
1 0.61875 0.55078125 0.06953125 0.07890625
1 0.8390625 0.528125 0.0625 0.06953125
1 0.8671875 0.4265625 0.03984375 0.05234375
1 0.91953125 0.4 0.02421875 0.040625
1 0.64921875 0.38203125 0.0328125 0.03203125