1 0.925 0.47734375 0.04296875 0.04609375
1 0.903125 0.62109375 0.07421875 0.09140625
1 0.74453125 0.75625 0.11328125 0.14609375
1 0.75546875 0.48984375 0.05078125 0.05390625
1 0.815625 0.55 0.0625 0.06640625
1 0.84921875 0.45390625 0.034375 0.04140625
1 0.61796875 0.67734375 0.10546875 0.1125
1 0.45859375 0.69140625 0.121875 0.11640625
1 0.7671875 0.40859375 0.034375 0.03359375
1 0.234375 0.52734375 0.08828125 0.07109375
1 0.925 0.41875 0.03125 0.0375
1 0.871875 0.40625 0.028125 0.0375
1 0.828125 0.39765625 0.03125 0.0375
1 0.87109375 0.95625 0.16796875 0.07890625
1 0.69140625 0.3625 0.02578125 0.025
0 0.48984375 0.42890625 0.1109375 0.10859375
1 0.92578125 0.37890625 0.028125 0.03359375
1 0.82265625 0.35390625 0.01953125 0.025
1 0.32421875 0.53515625 0.096875 0.0875
1 0.65234375 0.97109375 0.16171875 0.05
1 0.7953125 0.34375 0.0171875 0.02109375
1 0.596875 0.42265625 0.03984375 0.04609375
1 0.72578125 0.35 0.01953125 0.01640625
1 0.75859375 0.34765625 0.0171875 0.02109375
0 0.89609375 0.34765625 0.03125 0.05390625
1 0.63203125 0.42734375 0.0484375 0.04609375
1 0.76953125 0.32890625 0.0171875 0.01640625