1 0.80859375 0.55859375 0.065625 0.075
1 0.72890625 0.725 0.10546875 0.13359375
1 0.38515625 0.93125 0.21328125 0.12890625
1 0.90234375 0.56015625 0.059375 0.07890625
1 0.19609375 0.60234375 0.1078125 0.0875
1 0.7625 0.41484375 0.03671875 0.0375
1 0.64765625 0.93359375 0.16484375 0.125
1 0.8453125 0.475 0.04296875 0.05
1 0.64765625 0.5125 0.06796875 0.075
1 0.534375 0.42890625 0.03984375 0.03359375
1 0.77265625 0.46875 0.0453125 0.0625
1 0.921875 0.4375 0.04296875 0.04140625
0 0.69921875 0.35859375 0.0453125 0.06640625
1 0.92734375 0.4 0.03125 0.03359375
1 0.86953125 0.41484375 0.034375 0.0375
1 0.7328125 0.34375 0.0171875 0.02109375
1 0.87890625 0.38984375 0.02578125 0.02890625
1 0.93203125 0.33359375 0.0171875 0.025
1 0.88515625 0.36484375 0.02578125 0.02890625
1 0.76875 0.34375 0.01953125 0.02109375
0 0.8453125 0.3625 0.03125 0.04140625
0 0.82421875 0.3 0.0171875 0.025