1 0.909375 0.52734375 0.05703125 0.07109375
1 0.86640625 0.89765625 0.125 0.1875
1 0.84375 0.48515625 0.0453125 0.05390625
1 0.76953125 0.69609375 0.096875 0.125
1 0.75859375 0.41484375 0.034375 0.0375
1 0.21875 0.55625 0.096875 0.07109375
1 0.8125 0.41484375 0.034375 0.0375
1 0.80546875 0.36640625 0.01953125 0.025
1 0.45859375 0.45859375 0.0484375 0.05
1 0.859375 0.44140625 0.03671875 0.03359375
1 0.7484375 0.5 0.05390625 0.05859375
1 0.68359375 0.36484375 0.02578125 0.02890625
1 0.92734375 0.375 0.02578125 0.03359375
1 0.60546875 0.37890625 0.028125 0.03359375
1 0.2640625 0.88125 0.21015625 0.1875
1 0.7625 0.34375 0.01953125 0.02109375
1 0.86328125 0.40625 0.028125 0.02890625
1 0.703125 0.34765625 0.01953125 0.02109375
1 0.91796875 0.42890625 0.03984375 0.05
0 0.84921875 0.35 0.034375 0.05859375
0 0.54375 0.44140625 0.13203125 0.1