1 0.22265625 0.56015625 0.09375 0.07109375
1 0.715625 0.46015625 0.0453125 0.04609375
1 0.39453125 0.46640625 0.05703125 0.05
1 0.91484375 0.51015625 0.05078125 0.0625
1 0.7015625 0.87109375 0.13671875 0.19140625
1 0.58125 0.43515625 0.04296875 0.0375
1 0.78515625 0.44375 0.04296875 0.0375
1 0.46015625 0.68359375 0.11328125 0.13359375
1 0.74296875 0.35234375 0.01953125 0.02109375
0 0.87109375 0.41875 0.059375 0.10390625
0 0.7796875 0.58984375 0.14453125 0.2625
1 0.796875 0.37890625 0.02578125 0.025
1 0.92734375 0.36640625 0.01953125 0.025
1 0.68359375 0.36640625 0.01953125 0.025
1 0.7203125 0.35234375 0.0140625 0.02109375
1 0.76171875 0.33984375 0.0171875 0.02109375
1 0.7046875 0.37109375 0.02265625 0.025
0 0.85078125 0.35234375 0.02578125 0.04609375
0 0.93203125 0.32734375 0.0171875 0.02890625
0 0.9046875 0.32734375 0.01953125 0.0375
1 0.88515625 0.359375 0.03671875 0.0375
0 0.878125 0.32265625 0.0171875 0.02890625