1 0.20625 0.53359375 0.08828125 0.075
1 0.309375 0.53125 0.08515625 0.0625
0 0.73046875 0.48125 0.096875 0.1625
1 0.875 0.45859375 0.034375 0.04140625
1 0.9234375 0.39140625 0.02265625 0.03359375
1 0.9234375 0.43125 0.034375 0.04609375
1 0.6546875 0.37890625 0.02578125 0.025
1 0.875 0.41015625 0.028125 0.04609375
0 0.7640625 0.7375 0.13046875 0.20859375
1 0.6234375 0.44609375 0.04296875 0.04140625
1 0.71171875 0.34765625 0.01953125 0.02109375
0 0.834375 0.378125 0.04765625 0.075
0 0.89140625 0.3484375 0.03515625 0.05546875