1 0.58828125 0.5625 0.07421875 0.075
1 0.34375 0.50859375 0.07421875 0.06640625
1 0.703125 0.86875 0.1390625 0.1875
1 0.9078125 0.65 0.08203125 0.10859375
0 0.78671875 0.57109375 0.13046875 0.24140625
0 0.88671875 0.36875 0.03984375 0.07109375
0 0.46328125 0.45234375 0.05703125 0.0625
1 0.92578125 0.37734375 0.02265625 0.02890625
1 0.74609375 0.3375 0.0140625 0.01640625
1 0.66640625 0.37734375 0.01953125 0.02109375
0 0.61953125 0.396875 0.09140625 0.0765625
1 0.86328125 0.45 0.034375 0.04140625
1 0.72265625 0.35859375 0.02578125 0.03359375
1 0.78125 0.32265625 0.0171875 0.0125
0 0.80859375 0.4125 0.0484375 0.075
0 0.83515625 0.375 0.028125 0.06640625
0 0.728125 0.48984375 0.11875 0.17734375
1 0.859375 0.490625 0.0484375 0.05703125