0 0.35390625 0.50390625 0.22421875 0.2
1 0.128125 0.57109375 0.10234375 0.075
1 0.63203125 0.41796875 0.05390625 0.04765625
0 0.71171875 0.50859375 0.121875 0.18359375
1 0.6734375 0.36015625 0.02265625 0.02109375
1 0.36484375 0.5953125 0.096875 0.09296875
1 0.78984375 0.6015625 0.0859375 0.08828125
1 0.83984375 0.51875 0.05 0.06015625
1 0.865625 0.4296875 0.034375 0.0234375
1 0.7890625 0.38828125 0.040625 0.03046875
0 0.83125 0.3890625 0.05234375 0.08515625
1 0.8765625 0.40078125 0.034375 0.03671875
1 0.56171875 0.42734375 0.04296875 0.03984375
1 0.5828125 0.396875 0.03203125 0.02890625
0 0.05703125 0.73359375 0.1140625 0.2421875