1 0.91328125 0.50390625 0.0484375 0.05859375
1 0.828125 0.50859375 0.05390625 0.06640625
1 0.75546875 0.41640625 0.034375 0.03359375
1 0.8890625 0.84375 0.125 0.1875
1 0.765625 0.67890625 0.09375 0.125
1 0.79375 0.44609375 0.03671875 0.04140625
1 0.51953125 0.65 0.1078125 0.1
1 0.921875 0.425 0.03125 0.03359375
1 0.63203125 0.375 0.02578125 0.025
1 0.5765625 0.43125 0.03984375 0.0375
1 0.71015625 0.46484375 0.0453125 0.04609375
1 0.69609375 0.35 0.0171875 0.01640625
1 0.83359375 0.38515625 0.01953125 0.02109375
1 0.81796875 0.35859375 0.02265625 0.025
1 0.18203125 0.67265625 0.1421875 0.1375
1 0.925 0.37890625 0.02578125 0.03359375
1 0.7953125 0.38359375 0.02265625 0.025
1 0.85625 0.44609375 0.03671875 0.05
1 0.86640625 0.4125 0.028125 0.03359375