1 0.77109375 0.675 0.08828125 0.10859375
1 0.8421875 0.48359375 0.0484375 0.05859375
1 0.24453125 0.53125 0.08515625 0.0625
1 0.909375 0.50390625 0.05078125 0.05859375
1 0.43203125 0.50859375 0.06796875 0.05859375
1 0.83984375 0.38515625 0.02578125 0.02890625
1 0.76171875 0.41484375 0.034375 0.0375
1 0.44140625 0.90625 0.17890625 0.17890625
1 0.8921875 0.81640625 0.11953125 0.175
1 0.54296875 0.62265625 0.096875 0.09609375
1 0.86484375 0.42265625 0.03125 0.0375
1 0.55859375 0.475 0.05390625 0.05859375
1 0.85234375 0.36484375 0.02265625 0.02109375
1 0.87890625 0.4 0.02578125 0.03359375
1 0.6703125 0.38515625 0.028125 0.0375
1 0.8890625 0.36875 0.02265625 0.02890625
1 0.81953125 0.36015625 0.01953125 0.02109375
1 0.28515625 0.60859375 0.121875 0.125
1 0.5953125 0.40859375 0.03671875 0.03359375
1 0.74140625 0.33359375 0.0171875 0.01640625
0 0.77578125 0.4625 0.0453125 0.075
1 0.60078125 0.43984375 0.03671875 0.04609375
1 0.90078125 0.3375 0.0171875 0.025
1 0.765625 0.35 0.01953125 0.025
1 0.7515625 0.34765625 0.0140625 0.02109375