1 0.66171875 0.61484375 0.090625 0.09609375
1 0.55859375 0.6 0.08828125 0.08359375
1 0.73984375 0.43125 0.03671875 0.0375
1 0.7953125 0.43515625 0.03984375 0.04609375
1 0.77421875 0.4875 0.05390625 0.05859375
1 0.82265625 0.5375 0.059375 0.075
1 0.796875 0.37890625 0.02578125 0.025
1 0.878125 0.4125 0.034375 0.04140625
1 0.71484375 0.34375 0.01953125 0.02109375
1 0.68203125 0.37109375 0.02265625 0.01640625
1 0.54140625 0.42890625 0.04296875 0.03359375
1 0.83125 0.35390625 0.01953125 0.025
1 0.88046875 0.38125 0.028125 0.02890625
1 0.72265625 0.37109375 0.01953125 0.01640625
1 0.89453125 0.35 0.0171875 0.025
1 0.80234375 0.32109375 0.0140625 0.01640625
1 0.83828125 0.39375 0.028125 0.04609375
1 0.85625 0.32890625 0.0140625 0.01640625
1 0.36328125 0.49609375 0.06796875 0.075