1 0.75 0.72890625 0.10234375 0.125
1 0.46875 0.46640625 0.05703125 0.05
1 0.34921875 0.5125 0.06796875 0.05859375
1 0.77734375 0.39765625 0.03125 0.02890625
1 0.8265625 0.39765625 0.028125 0.02890625
1 0.8296875 0.51640625 0.05703125 0.06640625
1 0.5609375 0.41640625 0.03671875 0.03359375
1 0.79296875 0.5875 0.07421875 0.09140625
1 0.91015625 0.51875 0.05390625 0.0625
1 0.890625 0.76484375 0.10546875 0.15390625
1 0.68046875 0.36875 0.02578125 0.02109375
1 0.684375 0.47890625 0.05078125 0.06640625
1 0.903125 0.62734375 0.07421875 0.09609375
1 0.85390625 0.45625 0.03671875 0.05390625
1 0.88046875 0.37890625 0.02265625 0.025
1 0.925 0.40625 0.03125 0.0375
1 0.734375 0.35625 0.01953125 0.02109375
1 0.86328125 0.41484375 0.034375 0.0375
1 0.921875 0.44375 0.03671875 0.04609375
0 0.8609375 0.3375 0.028125 0.05
0 0.79140625 0.325 0.0140625 0.025
0 0.89765625 0.33984375 0.028125 0.05390625
0 0.77109375 0.31875 0.02578125 0.0375
0 0.63046875 0.403125 0.05703125 0.06796875
1 0.8109375 0.36328125 0.03203125 0.0328125