1 0.1453125 0.9078125 0.27890625 0.184375
0 0.08515625 0.61015625 0.16484375 0.12890625
0 0.76875 0.61015625 0.09375 0.14609375
1 0.6765625 0.84609375 0.1390625 0.175
1 0.8875 0.7640625 0.10859375 0.16484375
1 0.3390625 0.60703125 0.1125 0.10859375
1 0.33125 0.55390625 0.09921875 0.0875
1 0.32890625 0.48828125 0.08359375 0.0546875
1 0.540625 0.43671875 0.0453125 0.05
1 0.6484375 0.5109375 0.065625 0.07890625
1 0.70390625 0.46328125 0.05546875 0.059375
1 0.75 0.48984375 0.05546875 0.06015625
1 0.82265625 0.5375 0.06875 0.08046875
1 0.8359375 0.46875 0.04765625 0.065625
1 0.91328125 0.4859375 0.0546875 0.065625
1 0.8625 0.4328125 0.0375 0.0546875
1 0.92578125 0.39765625 0.040625 0.0484375
1 0.84140625 0.38125 0.03203125 0.03359375
1 0.79296875 0.3859375 0.02578125 0.03203125