1 0.884375 0.88359375 0.12265625 0.18203125
1 0.44375 0.53125 0.09375 0.09609375
1 0.71796875 0.8140625 0.12890625 0.1703125
1 0.7828125 0.646875 0.08828125 0.1171875
1 0.61328125 0.6734375 0.109375 0.11875
1 0.5578125 0.60625 0.090625 0.0921875
1 0.37890625 0.5234375 0.08125 0.096875
1 0.8421875 0.4828125 0.05390625 0.0546875
1 0.77890625 0.45703125 0.04765625 0.046875
1 0.73828125 0.4328125 0.04453125 0.05
0 0.68046875 0.3875 0.04296875 0.04296875
1 0.51796875 0.44453125 0.04765625 0.05
1 0.86953125 0.43515625 0.0453125 0.046875