1 0.52578125 0.41484375 0.03984375 0.0375
1 0.77109375 0.66484375 0.08828125 0.1125
1 0.39453125 0.46015625 0.05703125 0.05390625
1 0.87109375 0.90390625 0.128125 0.18359375
1 0.796875 0.44375 0.03671875 0.0375
1 0.66171875 0.37734375 0.028125 0.02109375
1 0.925 0.43125 0.03671875 0.0375
1 0.815625 0.5625 0.0625 0.075
1 0.84375 0.49609375 0.05078125 0.05859375
1 0.91015625 0.54609375 0.05390625 0.075
0 0.64453125 0.58515625 0.17578125 0.2625
1 0.24453125 0.52734375 0.07421875 0.0625
1 0.66171875 0.96484375 0.16484375 0.0625
1 0.70625 0.37265625 0.02578125 0.02109375
1 0.721875 0.81640625 0.11328125 0.15859375
1 0.60234375 0.41484375 0.05703125 0.04609375
0 0.1109375 0.63203125 0.22109375 0.2984375
0 0.853125 0.425 0.075 0.11796875