1 0.91640625 0.53125 0.05390625 0.07109375
1 0.36796875 0.47265625 0.059375 0.04609375
1 0.87890625 0.80390625 0.1109375 0.16640625
1 0.58984375 0.3875 0.03125 0.03359375
1 0.5609375 0.44140625 0.04296875 0.04140625
1 0.85078125 0.45859375 0.04296875 0.05
1 0.778125 0.40234375 0.028125 0.02890625
1 0.63359375 0.37109375 0.028125 0.03359375
1 0.3125 0.61640625 0.11953125 0.09140625
1 0.30078125 0.52109375 0.0796875 0.06640625
1 0.7671875 0.46640625 0.05078125 0.05859375
1 0.6703125 0.40859375 0.03984375 0.04140625
1 0.83203125 0.52265625 0.05078125 0.07109375
1 0.63046875 0.94375 0.1703125 0.10390625
0 0.74453125 0.6875 0.13671875 0.23359375
0 0.875 0.39375 0.03984375 0.0625
1 0.72265625 0.34375 0.01953125 0.02109375
0 0.31484375 0.82890625 0.5078125 0.33359375
1 0.921875 0.45546875 0.0546875 0.05234375