1 0.1296875 0.93984375 0.2421875 0.11953125
1 0.4265625 0.553125 0.08671875 0.07734375
1 0.2375 0.59375 0.11953125 0.10390625
1 0.68984375 0.84296875 0.1359375 0.18046875
1 0.44609375 0.49140625 0.07421875 0.05234375
1 0.80234375 0.584375 0.0734375 0.090625
1 0.846875 0.4921875 0.05234375 0.0546875
1 0.91875 0.50625 0.0515625 0.059375
1 0.56171875 0.421875 0.04453125 0.04296875
1 0.634375 0.39140625 0.03046875 0.03203125
1 0.70703125 0.4640625 0.046875 0.053125
0 0.7078125 0.38046875 0.0453125 0.04765625
1 0.7671875 0.40859375 0.03515625 0.0390625
1 0.828125 0.39375 0.0328125 0.04296875
1 0.86484375 0.41875 0.034375 0.0359375
1 0.92421875 0.40703125 0.04296875 0.03203125