0 0.909375 0.25859375 0.090625 0.03359375
1 0.77421875 0.64765625 0.08203125 0.10390625
1 0.47421875 0.67890625 0.1078125 0.10859375
1 0.84765625 0.47109375 0.04296875 0.05
0 0.8453125 0.35625 0.03671875 0.0625
1 0.51875 0.45390625 0.05390625 0.05
1 0.10625 0.60859375 0.11640625 0.09140625
1 0.63671875 0.40390625 0.034375 0.03359375
1 0.409375 0.56015625 0.08515625 0.07890625
1 0.5640625 0.76015625 0.128125 0.14609375
1 0.7015625 0.38515625 0.02265625 0.02890625
1 0.92578125 0.35859375 0.02265625 0.025
0 0.74140625 0.46640625 0.096875 0.15859375
1 0.86640625 0.42109375 0.034375 0.04140625
1 0.74140625 0.33984375 0.0171875 0.02109375
1 0.88515625 0.37109375 0.02578125 0.03359375
1 0.71328125 0.36640625 0.02265625 0.025
1 0.9203125 0.43359375 0.03984375 0.05859375
1 0.80546875 0.325 0.0140625 0.01640625
0 0.7859375 0.38515625 0.0484375 0.0625