1 0.20703125 0.53984375 0.08515625 0.07109375
1 0.54296875 0.775 0.1421875 0.15859375
1 0.78125 0.65859375 0.08515625 0.10859375
1 0.43203125 0.54375 0.07421875 0.07109375
1 0.83515625 0.50390625 0.05703125 0.06640625
1 0.36484375 0.76484375 0.15078125 0.14609375
1 0.9046875 0.60390625 0.0765625 0.09140625
1 0.49609375 0.47890625 0.059375 0.05
1 0.8453125 0.94375 0.15078125 0.10390625
1 0.7484375 0.42109375 0.03671875 0.04140625
1 0.57421875 0.41484375 0.0453125 0.0375
1 0.7328125 0.37109375 0.02265625 0.025
1 0.91875 0.43984375 0.03671875 0.04609375
0 0.80703125 0.40625 0.05078125 0.07109375
1 0.68203125 0.35859375 0.02265625 0.025
0 0.6109375 0.4375 0.05078125 0.06640625
1 0.8765625 0.41015625 0.03671875 0.05390625
1 0.89609375 0.35859375 0.01953125 0.03359375
1 0.77578125 0.34765625 0.02265625 0.02109375
1 0.63671875 0.37890625 0.028125 0.03359375
1 0.92578125 0.36640625 0.02265625 0.03359375