1 0.91484375 0.5 0.0453125 0.05859375
1 0.90234375 0.7125 0.09375 0.13359375
1 0.7796875 0.66640625 0.08828125 0.10859375
1 0.4046875 0.46015625 0.05390625 0.04609375
1 0.66484375 0.50390625 0.05703125 0.06640625
1 0.72421875 0.44609375 0.03984375 0.04140625
1 0.82265625 0.52890625 0.059375 0.075
1 0.878125 0.4 0.028125 0.03359375
1 0.25703125 0.58984375 0.09921875 0.0875
1 0.85625 0.46875 0.04296875 0.04609375
1 0.7625 0.35390625 0.01953125 0.025
1 0.77109375 0.45859375 0.04296875 0.05859375
1 0.7796875 0.39609375 0.03125 0.03359375
1 0.925 0.4 0.02578125 0.03359375
1 0.83125 0.38515625 0.03125 0.02890625
1 0.8625 0.43125 0.03671875 0.0375
1 0.79140625 0.33125 0.01953125 0.02109375
1 0.80703125 0.36640625 0.02265625 0.03359375
1 0.61328125 0.44609375 0.03984375 0.04140625
1 0.92578125 0.375 0.02265625 0.03359375
0 0.675 0.38125 0.04296875 0.04609375
1 0.890625 0.36640625 0.01953125 0.03359375
0 0.85546875 0.34375 0.028125 0.04609375
1 0.125 0.9546875 0.2453125 0.090625
1 0.22890625 0.55703125 0.10390625 0.0921875
0 0.71875 0.3421875 0.0546875 0.05859375