1 0.73046875 0.825 0.13046875 0.18359375
0 0.88359375 0.85234375 0.153125 0.2875
1 0.1390625 0.60546875 0.11640625 0.09453125
1 0.36640625 0.5265625 0.08828125 0.08125
1 0.4765625 0.47890625 0.05078125 0.06484375
1 0.51875 0.503125 0.06484375 0.065625
1 0.55546875 0.425 0.04140625 0.05
1 0.809375 0.621875 0.075 0.08203125
1 0.81796875 0.53671875 0.05859375 0.06328125
1 0.84375 0.49140625 0.05625 0.05703125
1 0.925 0.45234375 0.0453125 0.04375
1 0.87265625 0.45625 0.04375 0.04609375
1 0.80703125 0.4203125 0.03984375 0.0390625
1 0.7453125 0.43125 0.03515625 0.04765625
1 0.68984375 0.4046875 0.034375 0.03125
1 0.63828125 0.3671875 0.0265625 0.0359375
1 0.66015625 0.3984375 0.02890625 0.03671875