1 0.690625 0.81796875 0.134375 0.1640625
1 0.275 0.6359375 0.11875 0.10390625
0 0.61171875 0.38203125 0.065625 0.08125
0 0.5921875 0.41640625 0.065625 0.06640625
0 0.846875 0.35 0.03984375 0.06640625
1 0.803125 0.59921875 0.07578125 0.09296875
1 0.58046875 0.72890625 0.1234375 0.153125
1 0.6609375 0.515625 0.059375 0.059375
1 0.73203125 0.43203125 0.040625 0.0546875
1 0.8421875 0.48203125 0.053125 0.065625
1 0.91796875 0.471875 0.05625 0.06796875
1 0.865625 0.44296875 0.04296875 0.04296875
1 0.796875 0.41875 0.04140625 0.06484375