1 0.76953125 0.40390625 0.034375 0.03359375
1 0.815625 0.56640625 0.0625 0.075
1 0.92578125 0.41015625 0.028125 0.0375
1 0.71171875 0.35234375 0.01953125 0.02109375
1 0.53125 0.4375 0.0453125 0.03359375
0 0.19609375 0.56640625 0.278125 0.25
1 0.66640625 0.50390625 0.059375 0.06640625
1 0.8609375 0.35 0.0171875 0.01640625
1 0.83515625 0.34375 0.0171875 0.02109375
0 0.83671875 0.47265625 0.08203125 0.15390625
1 0.80234375 0.37265625 0.02578125 0.02890625
1 0.92578125 0.37265625 0.02265625 0.02890625
0 0.2359375 0.85234375 0.471875 0.2875
0 0.3078125 0.6140625 0.13671875 0.11875
1 0.8796875 0.38359375 0.03046875 0.028125
1 0.89296875 0.34765625 0.0296875 0.02578125
1 0.68984375 0.41015625 0.03203125 0.0453125