1 0.4875 0.66875 0.11640625 0.1125
1 0.74296875 0.72734375 0.10546875 0.12890625
1 0.91015625 0.55 0.065625 0.1
1 0.80546875 0.6125 0.07109375 0.08359375
1 0.66484375 0.59609375 0.0796875 0.08359375
1 0.44453125 0.47265625 0.05390625 0.04609375
0 0.784375 0.42734375 0.06796875 0.1125
1 0.66640625 0.51015625 0.059375 0.05390625
1 0.828125 0.525 0.059375 0.06640625
1 0.09921875 0.66640625 0.14765625 0.10859375
1 0.9203125 0.425 0.034375 0.04140625
1 0.5953125 0.45625 0.04296875 0.04609375
1 0.721875 0.44609375 0.0453125 0.05
1 0.878125 0.39765625 0.028125 0.0375
1 0.73828125 0.35859375 0.02265625 0.01640625
1 0.71015625 0.35625 0.02265625 0.02109375
1 0.921875 0.38984375 0.02578125 0.0375
1 0.684375 0.41015625 0.03984375 0.0375
0 0.84921875 0.44375 0.05703125 0.0875
0 0.61328125 0.4 0.0796875 0.09140625
0 0.84921875 0.34609375 0.03984375 0.06640625
0 0.79296875 0.31875 0.028125 0.0375
0 0.8921875 0.29609375 0.03984375 0.05