1 0.55546875 0.61953125 0.08515625 0.09765625
1 0.7609375 0.7 0.090625 0.12109375
1 0.89453125 0.63125 0.090625 0.125
1 0.83125 0.528125 0.05859375 0.07890625
1 0.765625 0.48359375 0.0515625 0.06875
1 0.19453125 0.92265625 0.2328125 0.1546875
1 0.09296875 0.5875 0.1203125 0.09453125
1 0.353125 0.51640625 0.08203125 0.0703125
1 0.37890625 0.4671875 0.05703125 0.0515625
1 0.8640625 0.4484375 0.0421875 0.04921875
1 0.79296875 0.38671875 0.040625 0.04453125
0 0.834375 0.37265625 0.04296875 0.0703125
0 0.671875 0.3859375 0.0359375 0.05234375
1 0.871875 0.40625 0.03359375 0.0375