1 0.9078125 0.61015625 0.07109375 0.0875
1 0.8625 0.43984375 0.03671875 0.04609375
0 0.36640625 0.51015625 0.153125 0.15390625
1 0.8421875 0.37265625 0.02578125 0.02890625
1 0.925 0.44609375 0.03671875 0.04140625
1 0.83359375 0.50390625 0.0484375 0.05859375
1 0.7796875 0.65 0.08828125 0.10859375
1 0.471875 0.43515625 0.0453125 0.0375
1 0.58203125 0.57109375 0.0796875 0.08359375
1 0.921875 0.38359375 0.02578125 0.03359375
0 0.778125 0.43515625 0.0796875 0.12109375
0 0.6234375 0.39140625 0.07109375 0.09140625
1 0.66796875 0.36640625 0.02265625 0.025
1 0.6734375 0.48125 0.05703125 0.04609375
1 0.890625 0.36484375 0.01953125 0.02109375
1 0.92734375 0.35390625 0.01953125 0.025
1 0.75546875 0.35 0.02265625 0.025
1 0.04296875 0.64765625 0.08515625 0.10390625