0 0.91015625 0.25859375 0.09375 0.03359375
0 0.58125 0.41015625 0.10546875 0.12109375
1 0.21171875 0.53125 0.08828125 0.07109375
1 0.4375 0.45 0.05078125 0.04140625
1 0.91640625 0.47890625 0.04296875 0.05
0 0.7375 0.475 0.1109375 0.175
1 0.91875 0.41875 0.03125 0.0375
1 0.675 0.37109375 0.02578125 0.025
1 0.61796875 0.96875 0.15625 0.05390625
1 0.8578125 0.4625 0.03984375 0.05
1 0.746875 0.75 0.1078125 0.14140625
1 0.8109375 0.57890625 0.07109375 0.08359375
1 0.83125 0.5125 0.05390625 0.05859375
1 0.44765625 0.6875 0.128125 0.13359375
1 0.76171875 0.3375 0.0171875 0.025
1 0.92734375 0.36484375 0.02578125 0.02890625
1 0.78984375 0.32890625 0.0171875 0.01640625
0 0.8109375 0.40234375 0.04296875 0.07109375
0 0.83984375 0.35625 0.03671875 0.0625
1 0.71328125 0.34375 0.02265625 0.02890625
0 0.87109375 0.39296875 0.05078125 0.065625
1 0.8640625 0.4265625 0.0421875 0.04609375
1 0.6078125 0.45078125 0.0515625 0.06171875