1 0.83515625 0.38359375 0.02265625 0.025
1 0.921875 0.40859375 0.03125 0.03359375
1 0.46484375 0.72109375 0.128125 0.11640625
1 0.9046875 0.61015625 0.07109375 0.0875
1 0.7828125 0.64375 0.08828125 0.10390625
1 0.83203125 0.49765625 0.05703125 0.0625
1 0.80390625 0.42265625 0.034375 0.0375
1 0.778125 0.39765625 0.028125 0.02890625
1 0.91875 0.46015625 0.04296875 0.04609375
1 0.52578125 0.4625 0.05703125 0.05
0 0.628125 0.5125 0.07421875 0.1
1 0.8734375 0.95 0.16796875 0.09140625
1 0.76015625 0.3625 0.02578125 0.025
1 0.16640625 0.58515625 0.10546875 0.0875
1 0.72578125 0.36484375 0.02578125 0.02109375
1 0.88671875 0.37734375 0.028125 0.02890625
1 0.85234375 0.3625 0.02265625 0.025
1 0.92578125 0.36015625 0.02265625 0.02890625
1 0.421875 0.54609375 0.09375 0.1
1 0.8109375 0.3625 0.01953125 0.025
1 0.83125 0.35390625 0.01953125 0.025
1 0.465625 0.4375 0.0453125 0.04140625
1 0.66875 0.36015625 0.01953125 0.02109375
0 0.26953125 0.57109375 0.10234375 0.11640625
0 0.7 0.35078125 0.04921875 0.06796875