1 0.61875 0.94765625 0.1859375 0.08984375
1 0.11484375 0.60859375 0.128125 0.11640625
0 0.753125 0.46484375 0.1078125 0.15390625
1 0.50234375 0.83828125 0.14375 0.18046875
1 0.56015625 0.5890625 0.0875 0.11796875
1 0.79296875 0.63046875 0.08046875 0.11328125
1 0.8515625 0.465625 0.05234375 0.06015625
1 0.9234375 0.4453125 0.03515625 0.04375
1 0.88046875 0.40625 0.03359375 0.0390625
1 0.6421875 0.38828125 0.028125 0.03046875
1 0.69375 0.3640625 0.028125 0.03046875
1 0.80546875 0.37734375 0.025 0.028125
1 0.8890625 0.36953125 0.02421875 0.034375
1 0.75703125 0.36328125 0.02890625 0.03203125