1 0.3140625 0.56484375 0.09921875 0.07890625
1 0.84765625 0.46015625 0.04296875 0.04609375
1 0.7984375 0.43125 0.034375 0.0375
1 0.909375 0.48515625 0.0453125 0.05390625
1 0.15625 0.69140625 0.159375 0.14140625
1 0.9234375 0.38984375 0.02265625 0.02890625
1 0.86328125 0.41875 0.034375 0.0375
1 0.1125 0.58125 0.08203125 0.07109375
1 0.7015625 0.85 0.13046875 0.18359375
1 0.675 0.36640625 0.02578125 0.03359375
1 0.72734375 0.44765625 0.03984375 0.04609375
1 0.5328125 0.48984375 0.07109375 0.07109375
0 0.03984375 0.59765625 0.0796875 0.19609375
1 0.81640625 0.36640625 0.01953125 0.025
1 0.875 0.38984375 0.028125 0.02890625
1 0.5921875 0.425 0.04296875 0.04140625
0 0.85625 0.34609375 0.03125 0.05859375
0 0.7046875 0.525 0.08515625 0.15859375
0 0.88671875 0.35234375 0.028125 0.05390625
1 0.6 0.3921875 0.05 0.04453125
1 0.68125 0.415625 0.04140625 0.04375