1 0.409375 0.4625 0.05078125 0.04140625
1 0.8625 0.42890625 0.03125 0.03359375
1 0.67890625 0.49140625 0.05078125 0.05859375
1 0.31796875 0.61015625 0.10234375 0.0875
1 0.8 0.42734375 0.03671875 0.0375
1 0.765625 0.41015625 0.03125 0.02890625
1 0.73125 0.37265625 0.02578125 0.02109375
1 0.825 0.54375 0.0484375 0.07109375
1 0.69453125 0.34765625 0.01953125 0.02109375
1 0.8140625 0.36484375 0.01953125 0.02109375
0 0.703125 0.75859375 0.2359375 0.45859375
1 0.8734375 0.40234375 0.02578125 0.02890625
0 0.54453125 0.73828125 0.1765625 0.2796875
1 0.4359375 0.7140625 0.1328125 0.19296875
1 0.2640625 0.58046875 0.11171875 0.0953125
0 0.625 0.39453125 0.08125 0.0890625
0 0.83984375 0.36484375 0.040625 0.0703125