1 0.66796875 0.60390625 0.0796875 0.08359375
1 0.88359375 0.90859375 0.1421875 0.175
1 0.74140625 0.68984375 0.096875 0.12109375
1 0.484375 0.5125 0.059375 0.05859375
1 0.68046875 0.49765625 0.05390625 0.05390625
1 0.80234375 0.375 0.02578125 0.025
1 0.81640625 0.59765625 0.07109375 0.07890625
1 0.6234375 0.39609375 0.03125 0.025
1 0.575 0.39765625 0.03125 0.02890625
1 0.85078125 0.46640625 0.04296875 0.05
1 0.10390625 0.584375 0.1109375 0.07890625
1 0.88671875 0.37109375 0.02265625 0.025
1 0.4203125 0.45625 0.05078125 0.04609375
1 0.74140625 0.35390625 0.02265625 0.025
1 0.6875 0.39609375 0.034375 0.04140625
1 0.840625 0.37265625 0.02265625 0.02890625
1 0.640625 0.37109375 0.02578125 0.025
1 0.93203125 0.33125 0.0171875 0.02109375
1 0.24140625 0.90546875 0.2359375 0.18046875