0 0.2046875 0.56015625 0.2953125 0.2625
0 0.88671875 0.69765625 0.1078125 0.20390625
1 0.546875 0.790625 0.1390625 0.15
1 0.4609375 0.690625 0.12109375 0.1171875
1 0.765625 0.684375 0.09453125 0.128125
1 0.825 0.51640625 0.05859375 0.07890625
1 0.85625 0.484375 0.04296875 0.0703125
1 0.7265625 0.5234375 0.06171875 0.06953125
1 0.64296875 0.5359375 0.0734375 0.071875
1 0.57890625 0.46953125 0.05390625 0.06484375
1 0.55 0.44296875 0.05546875 0.05703125
1 0.44609375 0.50859375 0.06171875 0.06328125
1 0.63125 0.3953125 0.04453125 0.040625
1 0.2015625 0.690625 0.15390625 0.12578125