1 0.8125 0.55859375 0.06796875 0.08359375
1 0.91171875 0.525 0.05703125 0.06640625
1 0.66796875 0.90859375 0.16484375 0.175
1 0.61328125 0.41640625 0.03984375 0.04140625
1 0.31640625 0.56484375 0.09375 0.07109375
1 0.88046875 0.39140625 0.028125 0.03359375
1 0.8609375 0.4375 0.03984375 0.04140625
1 0.92578125 0.38515625 0.028125 0.02890625
1 0.75 0.42265625 0.03984375 0.0375
1 0.328125 0.5 0.065625 0.05859375
1 0.75 0.49765625 0.05078125 0.05390625
1 0.69453125 0.37109375 0.02578125 0.025
1 0.80546875 0.37265625 0.02578125 0.02890625
1 0.65078125 0.36640625 0.02265625 0.025
1 0.89609375 0.34765625 0.01953125 0.02109375
0 0.51015625 0.42890625 0.05390625 0.075
1 0.93046875 0.3625 0.02578125 0.025
1 0.74140625 0.34375 0.0171875 0.02109375
1 0.74453125 0.36484375 0.02265625 0.02109375
0 0.859375 0.34765625 0.03125 0.0375
1 0.02109375 0.79453125 0.0421875 0.11015625
1 0.0234375 0.6203125 0.04453125 0.10625