1 0.25390625 0.54296875 0.10234375 0.08828125
0 0.7015625 0.76015625 0.1875 0.22890625
0 0.6703125 0.81875 0.25 0.34609375
1 0.2484375 0.6375 0.15078125 0.14140625
0 0.78671875 0.42109375 0.06796875 0.10859375
0 0.2515625 0.83359375 0.503125 0.325
1 0.54140625 0.6125 0.0921875 0.08671875
1 0.55 0.425 0.03984375 0.040625
0 0.67109375 0.58359375 0.06953125 0.096875
1 0.78828125 0.6328125 0.0828125 0.10390625
1 0.8140625 0.57265625 0.059375 0.0671875
1 0.91015625 0.5859375 0.06171875 0.07890625
1 0.9171875 0.49921875 0.0421875 0.059375
1 0.83515625 0.5203125 0.06953125 0.05703125
1 0.85859375 0.47734375 0.04453125 0.04765625
1 0.92890625 0.440625 0.046875 0.034375
1 0.8640625 0.43125 0.04296875 0.04296875
1 0.63671875 0.39375 0.0296875 0.03671875