1 0.68046875 0.60234375 0.08203125 0.07890625
1 0.16796875 0.55390625 0.090625 0.075
1 0.9203125 0.42265625 0.034375 0.0375
1 0.91796875 0.5125 0.05078125 0.05859375
1 0.25703125 0.5875 0.09921875 0.09140625
1 0.78125 0.6375 0.0796875 0.09140625
1 0.55703125 0.44375 0.0453125 0.04609375
1 0.63203125 0.41015625 0.03671875 0.0375
1 0.875 0.85 0.125 0.18359375
1 0.83515625 0.53125 0.05703125 0.0625
1 0.85078125 0.4625 0.04296875 0.05
1 0.871875 0.39765625 0.028125 0.02890625
1 0.51953125 0.63359375 0.096875 0.09140625
1 0.72890625 0.43515625 0.03125 0.04609375
1 0.625 0.38359375 0.028125 0.025
1 0.925 0.38125 0.02578125 0.02890625
0 0.7828125 0.42734375 0.08828125 0.1375
1 0.71328125 0.34140625 0.0171875 0.01640625
1 0.7515625 0.35 0.01953125 0.01640625
1 0.6984375 0.37890625 0.028125 0.03359375
1 0.76015625 0.32890625 0.01953125 0.01640625
1 0.840625 0.37890625 0.02265625 0.025
1 0.88046875 0.37265625 0.02265625 0.02890625