1 0.43203125 0.475 0.05703125 0.05
1 0.73125 0.78515625 0.11640625 0.1375
1 0.16015625 0.55625 0.09375 0.07109375
1 0.91171875 0.52734375 0.05703125 0.0625
1 0.61640625 0.54375 0.06796875 0.07109375
1 0.815625 0.53984375 0.05703125 0.0625
1 0.31953125 0.60234375 0.10546875 0.10390625
1 0.640625 0.37734375 0.02578125 0.02890625
1 0.77734375 0.65 0.08203125 0.1
1 0.63515625 0.94140625 0.184375 0.10859375
1 0.85078125 0.4625 0.04296875 0.05
1 0.40625 0.9125 0.1875 0.16640625
1 0.6859375 0.35234375 0.01953125 0.02109375
1 0.7359375 0.375 0.02265625 0.025
1 0.690625 0.57109375 0.06796875 0.075
1 0.72421875 0.44765625 0.0453125 0.0375
1 0.6265625 0.39609375 0.03125 0.025
1 0.93046875 0.35 0.01953125 0.025
1 0.86953125 0.4125 0.034375 0.04140625
1 0.88515625 0.375 0.02578125 0.03359375
0 0.79609375 0.4140625 0.06875 0.11953125
0 0.925 0.43125 0.0390625 0.05859375