0 0.64453125 0.38359375 0.06796875 0.09140625
0 0.7328125 0.34609375 0.0453125 0.05859375
1 0.4921875 0.65703125 0.09921875 0.11875
1 0.75546875 0.71328125 0.103125 0.1390625
1 0.8875 0.684375 0.08984375 0.12421875
1 0.175 0.6328125 0.13359375 0.12109375
1 0.20703125 0.5625 0.096875 0.08046875
1 0.28359375 0.50859375 0.06875 0.07890625
1 0.446875 0.534375 0.08203125 0.090625
1 0.44140625 0.44921875 0.05859375 0.0515625
1 0.55390625 0.4265625 0.04140625 0.04921875
1 0.68046875 0.49296875 0.0640625 0.06328125
1 0.9109375 0.5015625 0.05234375 0.065625
1 0.84921875 0.46015625 0.05078125 0.0578125
1 0.9234375 0.4171875 0.0375 0.03515625
1 0.87890625 0.4171875 0.0375 0.046875
1 0.63203125 0.4359375 0.04140625 0.04453125