1 0.6734375 0.49765625 0.05078125 0.05390625
1 0.6234375 0.39609375 0.03125 0.025
1 0.840625 0.49140625 0.0453125 0.05
1 0.91640625 0.46484375 0.04296875 0.04609375
1 0.784375 0.39375 0.028125 0.02890625
1 0.19609375 0.92109375 0.25 0.15
1 0.75859375 0.4875 0.05078125 0.05859375
1 0.68359375 0.38125 0.03125 0.02890625
1 0.85234375 0.45234375 0.03984375 0.04609375
1 0.7328125 0.35234375 0.02265625 0.02109375
1 0.80703125 0.55 0.0625 0.075
1 0.88203125 0.37109375 0.01953125 0.025
1 0.4828125 0.43359375 0.0453125 0.04140625
1 0.86953125 0.41875 0.034375 0.0375
1 0.52421875 0.46015625 0.05390625 0.04609375
1 0.78515625 0.62890625 0.07109375 0.08359375
1 0.8609375 0.34375 0.0171875 0.02109375
1 0.83984375 0.34765625 0.01953125 0.02109375
1 0.83203125 0.38984375 0.028125 0.02890625
0 0.73984375 0.76875 0.1546875 0.23515625
1 0.06328125 0.70625 0.1265625 0.1625
1 0.9265625 0.40703125 0.03515625 0.03671875