1 0.671875 0.93515625 0.175 0.1296875
0 0.20078125 0.91875 0.38203125 0.1625
1 0.378125 0.771875 0.15234375 0.16015625
1 0.15703125 0.59296875 0.1046875 0.0984375
1 0.3921875 0.52109375 0.08046875 0.0703125
1 0.3484375 0.4796875 0.05390625 0.065625
1 0.6421875 0.53671875 0.0625 0.06953125
1 0.77421875 0.63984375 0.09296875 0.1078125
1 0.81796875 0.54921875 0.0609375 0.084375
0 0.91171875 0.540625 0.06796875 0.12265625
1 0.553125 0.48125 0.0640625 0.06328125
1 0.61953125 0.4203125 0.04375 0.053125
1 0.853125 0.45390625 0.04921875 0.05234375
1 0.77265625 0.40625 0.04296875 0.0484375