1 0.91640625 0.50390625 0.04296875 0.05859375
1 0.92578125 0.37265625 0.02265625 0.02890625
1 0.89453125 0.84765625 0.11953125 0.17890625
1 0.690625 0.89140625 0.14765625 0.2
1 0.76015625 0.68515625 0.09375 0.1125
1 0.4859375 0.45 0.05078125 0.05
1 0.79375 0.59375 0.065625 0.07890625
1 0.6265625 0.375 0.02578125 0.025
1 0.9234375 0.41484375 0.034375 0.0375
1 0.6578125 0.37734375 0.02578125 0.02109375
1 0.75859375 0.4125 0.028125 0.03359375
1 0.8125 0.41484375 0.028125 0.0375
1 0.828125 0.52265625 0.05390625 0.07109375
1 0.59765625 0.45390625 0.0484375 0.04140625
1 0.71328125 0.37109375 0.02265625 0.025
1 0.72578125 0.34140625 0.01953125 0.025
1 0.59765625 0.40625 0.03671875 0.0375
0 0.67578125 0.55234375 0.14765625 0.22890625
1 0.6734375 0.3625 0.02265625 0.025
1 0.83984375 0.36875 0.02578125 0.02109375
1 0.88046875 0.37734375 0.02265625 0.02890625
1 0.82265625 0.35625 0.01953125 0.02109375
0 0.85859375 0.43515625 0.071875 0.1203125