1 0.71484375 0.53125 0.07109375 0.07109375
1 0.7203125 0.76875 0.11640625 0.14609375
1 0.8125 0.41640625 0.034375 0.03359375
1 0.52421875 0.63125 0.09921875 0.09609375
1 0.828125 0.51640625 0.05390625 0.06640625
1 0.84921875 0.45625 0.03984375 0.04609375
0 0.30546875 0.49375 0.19609375 0.15390625
1 0.89453125 0.62734375 0.07421875 0.09609375
1 0.878125 0.39765625 0.028125 0.02890625
1 0.6390625 0.37109375 0.02265625 0.025
1 0.83671875 0.36875 0.01953125 0.02890625
1 0.73125 0.43984375 0.04296875 0.04609375
1 0.8421875 0.96484375 0.15078125 0.0625
1 0.88671875 0.37265625 0.02265625 0.02890625
1 0.78515625 0.3875 0.02578125 0.03359375
1 0.92734375 0.37890625 0.02578125 0.03359375
1 0.86328125 0.34375 0.0171875 0.02109375
1 0.74609375 0.35 0.01953125 0.025
1 0.83515625 0.34375 0.0171875 0.02109375
1 0.44453125 0.44765625 0.05390625 0.04609375
0 0.2671875 0.89609375 0.34765625 0.2
0 0.71015625 0.3625 0.0453125 0.0703125