1 0.7484375 0.76875 0.10546875 0.1375
1 0.8578125 0.45 0.03984375 0.04140625
1 0.19453125 0.625 0.11640625 0.1
1 0.57265625 0.71640625 0.1078125 0.11640625
1 0.3765625 0.51640625 0.08203125 0.075
1 0.38671875 0.75234375 0.1421875 0.12890625
1 0.5921875 0.42265625 0.0484375 0.04609375
1 0.52578125 0.41640625 0.03984375 0.03359375
1 0.703125 0.46015625 0.03671875 0.04609375
1 0.10390625 0.57890625 0.1109375 0.075
1 0.90078125 0.63984375 0.0796875 0.10390625
1 0.746875 0.49765625 0.0453125 0.05390625
1 0.7203125 0.35 0.01953125 0.025
1 0.9234375 0.38359375 0.02265625 0.025
1 0.9203125 0.45390625 0.03984375 0.04140625
1 0.87109375 0.41484375 0.03125 0.02890625
1 0.84375 0.37109375 0.02265625 0.025
1 0.88203125 0.38984375 0.02578125 0.02890625
1 0.65234375 0.36875 0.01953125 0.02109375
1 0.7984375 0.375 0.02265625 0.025
1 0.8625 0.35234375 0.01953125 0.02109375
1 0.81640625 0.4125 0.03125 0.03359375
1 0.8765625 0.96015625 0.16171875 0.07109375
1 0.765625 0.35234375 0.01953125 0.02109375
0 0.80078125 0.5625 0.1078125 0.19140625
0 0.90078125 0.34375 0.034375 0.0625