1 0.89375 0.77734375 0.11171875 0.16484375
0 0.565625 0.86484375 0.38046875 0.25390625
1 0.6890625 0.596875 0.0875 0.09296875
1 0.82109375 0.54609375 0.0671875 0.0828125
1 0.7625 0.49375 0.05546875 0.06171875
1 0.77421875 0.40390625 0.0390625 0.040625
1 0.803125 0.428125 0.05 0.0484375
1 0.521875 0.63046875 0.10546875 0.1125
1 0.3359375 0.58671875 0.10390625 0.10390625
1 0.60234375 0.428125 0.04140625 0.03359375
0 0.615625 0.3890625 0.04609375 0.065625
1 0.70390625 0.396875 0.03671875 0.04140625
1 0.87109375 0.41875 0.0296875 0.0375
1 0.9265625 0.403125 0.03203125 0.03828125