1 0.8609375 0.44609375 0.034375 0.03359375
1 0.80859375 0.56015625 0.065625 0.07109375
1 0.6234375 0.37890625 0.02578125 0.025
1 0.83984375 0.37890625 0.02578125 0.025
1 0.83359375 0.34765625 0.01953125 0.02109375
1 0.925 0.44609375 0.03671875 0.04140625
0 0.72890625 0.35234375 0.0421875 0.05546875
1 0.28984375 0.54140625 0.090625 0.06640625
1 0.83828125 0.5 0.05078125 0.05859375
1 0.925 0.35625 0.01953125 0.02109375
1 0.86953125 0.86875 0.1078125 0.1625
1 0.73828125 0.73125 0.10234375 0.1375
1 0.778125 0.46875 0.03984375 0.0375
1 0.54140625 0.40859375 0.03671875 0.03359375
1 0.871875 0.40859375 0.028125 0.03359375
1 0.515625 0.43359375 0.04296875 0.04140625
1 0.6953125 0.35859375 0.0234375 0.04375
1 0.35234375 0.7828125 0.2765625 0.29765625