1 0.74453125 0.76015625 0.1078125 0.12890625
1 0.875 0.87734375 0.11953125 0.17890625
1 0.28515625 0.85234375 0.17890625 0.17109375
1 0.1875 0.62109375 0.11953125 0.1
1 0.91484375 0.45859375 0.03984375 0.05
1 0.840625 0.47109375 0.0453125 0.05
1 0.8265625 0.52734375 0.05703125 0.07109375
1 0.2828125 0.51640625 0.0765625 0.075
1 0.58984375 0.41015625 0.03671875 0.02890625
1 0.83828125 0.37265625 0.02265625 0.02109375
1 0.36640625 0.95234375 0.2046875 0.0875
1 0.02265625 0.78515625 0.0453125 0.12109375
1 0.7046875 0.35390625 0.0171875 0.01640625
1 0.9234375 0.38984375 0.028125 0.0375
0 0.41953125 0.53828125 0.13046875 0.146875
0 0.70703125 0.5078125 0.1609375 0.24375
0 0.87421875 0.37578125 0.05 0.11015625