1 0.89453125 0.62109375 0.06796875 0.1
1 0.68359375 0.85 0.128125 0.16640625
1 0.39765625 0.47734375 0.0625 0.05390625
1 0.60234375 0.4 0.034375 0.03359375
1 0.91796875 0.48359375 0.0453125 0.05859375
1 0.578125 0.58359375 0.0765625 0.08359375
0 0.20859375 0.67734375 0.1390625 0.1125
1 0.78984375 0.62109375 0.0796875 0.1
1 0.22421875 0.58359375 0.1078125 0.075
1 0.83828125 0.48515625 0.0453125 0.05390625
1 0.66796875 0.37265625 0.028125 0.02890625
1 0.86953125 0.425 0.034375 0.04140625
1 0.72578125 0.375 0.02578125 0.025
1 0.9234375 0.40625 0.028125 0.02890625
1 0.83515625 0.34765625 0.0171875 0.02109375
1 0.88515625 0.38984375 0.03125 0.0375
1 0.7484375 0.3375 0.01953125 0.01640625
1 0.92578125 0.37109375 0.02265625 0.025
0 0.7203125 0.48984375 0.1109375 0.17890625
1 0.7796875 0.3375 0.01953125 0.01640625
1 0.86953125 0.34140625 0.0171875 0.01640625
1 0.84765625 0.33515625 0.0140625 0.0125
1 0.84765625 0.44609375 0.03125 0.03359375
0 0.1203125 0.9 0.240625 0.1921875
0 0.05625 0.64140625 0.1125 0.290625