1 0.296875 0.85 0.184375 0.175
1 0.59765625 0.39609375 0.03125 0.03359375
1 0.7515625 0.74140625 0.1109375 0.14140625
1 0.91015625 0.51640625 0.05390625 0.06640625
1 0.82109375 0.52734375 0.05703125 0.07109375
1 0.925 0.42265625 0.03125 0.0375
1 0.33515625 0.50234375 0.06796875 0.0625
1 0.74609375 0.42734375 0.03671875 0.0375
1 0.44609375 0.91640625 0.19921875 0.15859375
1 0.33359375 0.60625 0.10546875 0.0875
1 0.80234375 0.42890625 0.03671875 0.03359375
1 0.79140625 0.38359375 0.02578125 0.025
1 0.7 0.39609375 0.02578125 0.03359375
1 0.92890625 0.37109375 0.02265625 0.03359375
1 0.74453125 0.35 0.02265625 0.025
1 0.81796875 0.3625 0.02265625 0.025
1 0.86484375 0.34765625 0.01953125 0.02109375
1 0.828125 0.38515625 0.01953125 0.02109375
0 0.8578125 0.42890625 0.0625 0.10859375
1 0.76171875 0.33515625 0.0171875 0.02109375
0 0.71171875 0.3578125 0.046875 0.0671875