0 0.5140625 0.43359375 0.14765625 0.15
0 0.2984375 0.5125 0.2046875 0.1515625
1 0.69296875 0.85703125 0.13359375 0.1875
0 0.70703125 0.44453125 0.06171875 0.08671875
0 0.29296875 0.63359375 0.10625 0.10703125
0 0.70390625 0.36015625 0.0625 0.078125
1 0.79609375 0.65859375 0.08359375 0.11328125
1 0.53046875 0.62890625 0.10703125 0.09609375
1 0.89453125 0.6640625 0.07578125 0.1203125
1 0.81953125 0.546875 0.0609375 0.0703125
1 0.76328125 0.48125 0.05625 0.05546875
1 0.846875 0.48359375 0.05625 0.059375
1 0.925 0.45546875 0.04765625 0.05
1 0.8703125 0.43203125 0.0359375 0.05078125
1 0.60625 0.4046875 0.034375 0.03828125
1 0.6375 0.409375 0.04140625 0.0359375