0 0.465625 0.42890625 0.11953125 0.125
0 0.8265625 0.3796875 0.06328125 0.09296875
1 0.3453125 0.78515625 0.17265625 0.17734375
1 0.12109375 0.60546875 0.12265625 0.09921875
1 0.67734375 0.603125 0.0828125 0.09453125
1 0.79140625 0.6109375 0.07734375 0.10625
1 0.90390625 0.59765625 0.078125 0.09375
1 0.8421875 0.49921875 0.053125 0.071875
1 0.70546875 0.47421875 0.05703125 0.06484375
1 0.39609375 0.51640625 0.078125 0.0796875
1 0.42890625 0.54453125 0.075 0.0703125
0 0.921875 0.44375 0.04765625 0.075
1 0.8625 0.4265625 0.0328125 0.04765625
1 0.77734375 0.39609375 0.0359375 0.03828125
1 0.5578125 0.41328125 0.05546875 0.0625
1 0.634375 0.41171875 0.040625 0.04609375