1 0.35625 0.484375 0.07109375 0.05234375
0 0.671875 0.77734375 0.2984375 0.42890625
0 0.471875 0.46015625 0.13046875 0.12890625
1 0.91015625 0.65625 0.08203125 0.1125
1 0.21953125 0.65625 0.14375 0.1234375
1 0.5234375 0.79140625 0.12421875 0.15625
1 0.81953125 0.59609375 0.07265625 0.0953125
1 0.73984375 0.51875 0.0671875 0.0796875
1 0.71796875 0.4578125 0.04453125 0.05625
1 0.75 0.42734375 0.04140625 0.0625
0 0.81484375 0.41171875 0.0421875 0.06015625
1 0.82734375 0.528125 0.05546875 0.06015625
1 0.91875 0.5125 0.0546875 0.06640625
1 0.86015625 0.465625 0.04296875 0.05234375
1 0.87578125 0.42421875 0.0359375 0.0375
1 0.92890625 0.41875 0.034375 0.04609375
1 0.61953125 0.44453125 0.04765625 0.05
1 0.684375 0.39921875 0.03828125 0.04609375