1 0.39609375 0.51875 0.0765625 0.07109375
1 0.2359375 0.52265625 0.08515625 0.07109375
1 0.86796875 0.43359375 0.03671875 0.04140625
1 0.83828125 0.51015625 0.05078125 0.0625
1 0.76171875 0.73359375 0.10234375 0.13359375
1 0.4859375 0.43359375 0.0453125 0.04140625
1 0.9046875 0.61015625 0.0765625 0.09609375
1 0.72265625 0.44609375 0.04296875 0.05
1 0.67578125 0.35625 0.02265625 0.02109375
1 0.61796875 0.37890625 0.02578125 0.025
1 0.71328125 0.35234375 0.02265625 0.02109375
0 0.528125 0.73359375 0.19296875 0.26640625
0 0.83671875 0.36484375 0.03671875 0.0625
0 0.78671875 0.44140625 0.0765625 0.11875