1 0.74140625 0.70859375 0.109375 0.1375
1 0.66484375 0.5234375 0.06328125 0.07734375
1 0.82734375 0.52734375 0.05546875 0.0765625
1 0.90546875 0.56953125 0.06015625 0.08203125
1 0.8453125 0.47734375 0.05390625 0.05546875
1 0.86484375 0.440625 0.046875 0.0546875
1 0.58046875 0.47109375 0.0546875 0.0796875
1 0.5484375 0.4234375 0.04765625 0.04765625
1 0.63671875 0.40390625 0.04140625 0.040625
1 0.259375 0.59609375 0.115625 0.12734375
1 0.78828125 0.39921875 0.03984375 0.0390625
1 0.9234375 0.415625 0.03984375 0.04375
1 0.8765625 0.4 0.0296875 0.03125
1 0.83125 0.3875 0.03203125 0.03828125
0 0.7125 0.34609375 0.03828125 0.06796875