0 0.16796875 0.55234375 0.1484375 0.1375
1 0.16484375 0.6375 0.13046875 0.1
1 0.71328125 0.778125 0.121875 0.15703125
1 0.896875 0.64765625 0.078125 0.11796875
1 0.83515625 0.5203125 0.06640625 0.07890625
1 0.91328125 0.484375 0.05078125 0.06640625
1 0.85859375 0.4609375 0.05546875 0.05859375
1 0.87421875 0.40625 0.0421875 0.04921875
1 0.828125 0.41015625 0.02734375 0.03671875
1 0.79140625 0.3953125 0.040625 0.046875
1 0.69453125 0.48671875 0.065625 0.0671875
1 0.60078125 0.4328125 0.06015625 0.046875
1 0.6140625 0.38125 0.04375 0.03515625
1 0.7078125 0.3765625 0.040625 0.0359375