1 0.19140625 0.68359375 0.1390625 0.11640625
1 0.43359375 0.71484375 0.128125 0.12890625
1 0.66796875 0.50234375 0.05703125 0.0625
1 0.875 0.4125 0.028125 0.03359375
1 0.7375 0.70859375 0.10546875 0.13359375
1 0.91796875 0.47265625 0.0453125 0.05390625
1 0.90234375 0.67265625 0.08203125 0.1125
1 0.83125 0.3875 0.02578125 0.03359375
1 0.77109375 0.40390625 0.03125 0.03359375
1 0.81796875 0.36015625 0.02265625 0.02109375
1 0.72734375 0.35625 0.02265625 0.02109375
1 0.6859375 0.38125 0.03125 0.02890625
1 0.88359375 0.38359375 0.028125 0.03359375
1 0.72890625 0.525 0.059375 0.06640625
1 0.74140625 0.37109375 0.02265625 0.025
1 0.840625 0.33984375 0.0171875 0.02109375
1 0.92578125 0.36640625 0.02265625 0.03359375
0 0.81953125 0.50390625 0.09921875 0.18359375
0 0.4703125 0.47265625 0.065625 0.0875
1 0.85625 0.33125 0.0140625 0.02109375
0 0.60546875 0.425 0.03984375 0.04140625
0 0.89375 0.30234375 0.01953125 0.0375
0 0.90234375 0.32734375 0.0140625 0.02890625
0 0.9203125 0.31640625 0.0171875 0.03359375