1 0.74375 0.76640625 0.11875 0.1609375
0 0.878125 0.375 0.05078125 0.09140625
1 0.1125 0.94765625 0.22421875 0.10390625
1 0.340625 0.60390625 0.10703125 0.09296875
1 0.39453125 0.48671875 0.07265625 0.0703125
1 0.51640625 0.465625 0.05859375 0.071875
1 0.8984375 0.68359375 0.08671875 0.14296875
1 0.5890625 0.696875 0.1015625 0.12578125
1 0.8359375 0.51484375 0.06171875 0.07109375
1 0.91484375 0.51796875 0.06328125 0.0734375
1 0.915625 0.44921875 0.04765625 0.04375
1 0.7296875 0.446875 0.04453125 0.05859375
1 0.6578125 0.3921875 0.03515625 0.03671875
1 0.684375 0.40703125 0.04296875 0.046875
1 0.80234375 0.375 0.0375 0.04296875
1 0.9234375 0.39453125 0.03984375 0.04453125