1 0.778125 0.64375 0.08515625 0.10390625
1 0.58984375 0.71640625 0.1109375 0.11640625
1 0.88046875 0.74140625 0.090625 0.13359375
1 0.809375 0.41875 0.034375 0.0375
1 0.91640625 0.4875 0.0484375 0.05859375
1 0.75390625 0.49609375 0.05390625 0.05859375
1 0.91484375 0.40390625 0.028125 0.03359375
1 0.78515625 0.39140625 0.03125 0.03359375
1 0.8765625 0.40390625 0.03125 0.03359375
1 0.35078125 0.78359375 0.15078125 0.14140625
1 0.83515625 0.34765625 0.0171875 0.02109375
1 0.71328125 0.35234375 0.0171875 0.02109375
1 0.44453125 0.53359375 0.0765625 0.075
1 0.88671875 0.37265625 0.02265625 0.02890625
0 0.69765625 0.45859375 0.059375 0.09140625
1 0.83984375 0.37734375 0.02578125 0.02890625
1 0.84921875 0.33515625 0.0171875 0.02109375
1 0.84375 0.49609375 0.0453125 0.05859375