1 0.20859375 0.66875 0.128125 0.12109375
1 0.32265625 0.49375 0.07109375 0.05390625
1 0.53984375 0.4125 0.03984375 0.03359375
1 0.52265625 0.4625 0.05078125 0.04140625
1 0.653125 0.61875 0.0796875 0.0875
1 0.75703125 0.47265625 0.04296875 0.05390625
1 0.3625 0.53125 0.0765625 0.0625
1 0.7671875 0.40859375 0.034375 0.03359375
1 0.62890625 0.53359375 0.065625 0.06640625
1 0.8453125 0.47109375 0.0484375 0.05859375
1 0.64375 0.38125 0.03125 0.02890625
1 0.66328125 0.4125 0.03125 0.03359375
1 0.8 0.64765625 0.059375 0.09609375
1 0.62890625 0.41015625 0.03671875 0.02890625
1 0.91796875 0.52265625 0.05078125 0.07109375
1 0.73125 0.36484375 0.02578125 0.02109375
1 0.8265625 0.53515625 0.05703125 0.07890625
1 0.80703125 0.37109375 0.02265625 0.025
1 0.83984375 0.37734375 0.02578125 0.02890625
0 0.71796875 0.7453125 0.1453125 0.28671875
1 0.8703125 0.421875 0.04375 0.053125
0 0.8765625 0.390625 0.04375 0.05703125