1 0.66796875 0.38984375 0.028125 0.02890625
1 0.91328125 0.50625 0.0484375 0.0625
1 0.465625 0.45625 0.05078125 0.04609375
1 0.746875 0.42265625 0.034375 0.0375
1 0.8625 0.42109375 0.03125 0.03359375
1 0.33515625 0.5375 0.08515625 0.075
0 0.753125 0.65 0.159375 0.28359375
1 0.7625 0.48359375 0.0484375 0.05
1 0.9203125 0.45234375 0.03984375 0.04609375
1 0.8421875 0.47734375 0.04296875 0.05390625
1 0.5609375 0.44375 0.0484375 0.04609375
1 0.85625 0.95859375 0.15625 0.075
1 0.81953125 0.40859375 0.03125 0.03359375
1 0.65625 0.36640625 0.02265625 0.025
1 0.34375 0.79375 0.16484375 0.15390625
0 0.60625 0.61875 0.2015625 0.2875
1 0.7484375 0.32890625 0.01953125 0.01640625
1 0.690625 0.36875 0.02265625 0.02109375
1 0.76875 0.34375 0.01953125 0.02109375
0 0.87890625 0.37109375 0.04296875 0.075
0 0.7203125 0.35625 0.02578125 0.0375
0 0.8609375 0.33515625 0.034375 0.0375