1 0.746875 0.75625 0.11328125 0.14609375
1 0.55546875 0.60390625 0.08828125 0.08359375
1 0.65234375 0.37265625 0.0765625 0.0375
1 0.33515625 0.48984375 0.0625 0.05390625
1 0.48828125 0.42890625 0.03984375 0.03359375
1 0.37890625 0.56875 0.09921875 0.0875
1 0.83359375 0.52734375 0.05390625 0.0625
1 0.85625 0.44140625 0.03671875 0.04140625
1 0.534375 0.45625 0.05078125 0.04609375
1 0.91796875 0.45234375 0.03984375 0.0375
1 0.88359375 0.37734375 0.02265625 0.02890625
1 0.8734375 0.40625 0.03125 0.0375
1 0.8421875 0.37109375 0.01953125 0.025
1 0.71015625 0.34375 0.0171875 0.02109375
1 0.815625 0.36015625 0.0171875 0.02109375
1 0.76015625 0.35234375 0.01953125 0.02890625
1 0.92578125 0.38515625 0.02265625 0.0375
0 0.74609375 0.4875 0.0875 0.11796875
0 0.8578125 0.34140625 0.03046875 0.0453125