1 0.73046875 0.78515625 0.11953125 0.1375
1 0.91875 0.47265625 0.04296875 0.05390625
1 0.50546875 0.49375 0.0625 0.0625
1 0.871875 0.41875 0.034375 0.0375
1 0.08828125 0.61484375 0.13046875 0.0875
1 0.18203125 0.675 0.14765625 0.125
1 0.77421875 0.65234375 0.08203125 0.10390625
1 0.625 0.9625 0.17578125 0.06640625
1 0.9203125 0.41640625 0.028125 0.03359375
1 0.92890625 0.35390625 0.02265625 0.025
1 0.69921875 0.34765625 0.0171875 0.02109375
1 0.8 0.56875 0.059375 0.0625
1 0.8265625 0.52265625 0.05703125 0.0625
1 0.278125 0.57734375 0.10234375 0.07890625
1 0.925 0.38515625 0.02578125 0.02890625
1 0.83984375 0.375 0.01953125 0.025
1 0.6421875 0.37109375 0.02265625 0.025
1 0.75 0.3375 0.0171875 0.01640625
1 0.6734375 0.37734375 0.02265625 0.02109375
1 0.64765625 0.4 0.034375 0.03359375
1 0.83828125 0.33984375 0.0171875 0.02109375
0 0.78828125 0.425 0.065625 0.10859375
1 0.84609375 0.48515625 0.04375 0.05625