0 0.48125 0.42734375 0.128125 0.1125
0 0.2578125 0.834375 0.515625 0.32265625
0 0.55859375 0.93359375 0.2421875 0.1328125
1 0.89140625 0.6984375 0.09921875 0.14609375
1 0.0328125 0.70859375 0.065625 0.11640625
1 0.14296875 0.565625 0.09921875 0.09296875
1 0.3921875 0.56640625 0.0890625 0.08671875
1 0.3828125 0.46875 0.06171875 0.065625
1 0.5484375 0.41015625 0.03046875 0.05234375
1 0.66328125 0.61171875 0.08515625 0.10234375
1 0.71953125 0.45625 0.0484375 0.06484375
1 0.853125 0.45625 0.04453125 0.06171875
1 0.91484375 0.51640625 0.0609375 0.0734375
1 0.92578125 0.45234375 0.04921875 0.05390625
1 0.87109375 0.41796875 0.0421875 0.04296875
1 0.80625 0.428125 0.03828125 0.05234375
1 0.88828125 0.3828125 0.0265625 0.0328125
1 0.62890625 0.3796875 0.03515625 0.04296875
1 0.6765625 0.37890625 0.03515625 0.0375
1 0.71875 0.3890625 0.0328125 0.034375