0 0.83671875 0.375 0.04453125 0.0765625
1 0.90625 0.55625 0.0625 0.07109375
1 0.79296875 0.44609375 0.03984375 0.04140625
1 0.83828125 0.48125 0.0453125 0.05390625
1 0.7796875 0.65390625 0.08203125 0.1
1 0.921875 0.46875 0.04296875 0.05390625
1 0.86953125 0.41875 0.028125 0.0375
1 0.69140625 0.9 0.1390625 0.19140625
1 0.925 0.38984375 0.03125 0.0375
1 0.88359375 0.38984375 0.02265625 0.02890625
1 0.8421875 0.97265625 0.15625 0.04609375
1 0.7515625 0.33359375 0.0140625 0.01640625
1 0.76953125 0.32890625 0.0171875 0.01640625
1 0.8921875 0.36484375 0.02265625 0.02890625
1 0.70859375 0.35234375 0.01953125 0.02109375
1 0.72421875 0.34140625 0.0171875 0.01640625
1 0.61484375 0.4375 0.04140625 0.05234375
0 0.6609375 0.38671875 0.05546875 0.065625