1 0.89453125 0.7125 0.090625 0.125
1 0.7828125 0.64375 0.08203125 0.10390625
1 0.84375 0.49375 0.05078125 0.05390625
1 0.74453125 0.5125 0.0625 0.06640625
1 0.6375 0.52734375 0.065625 0.0625
1 0.91640625 0.51875 0.05390625 0.0625
1 0.92578125 0.42265625 0.03984375 0.0375
1 0.72578125 0.44609375 0.04296875 0.04140625
1 0.8625 0.4375 0.03671875 0.04140625
1 0.45859375 0.49375 0.05390625 0.05390625
1 0.76875 0.40390625 0.03125 0.03359375
1 0.190625 0.91484375 0.25 0.1625
1 0.92734375 0.38125 0.02578125 0.02890625
1 0.46015625 0.9 0.16484375 0.175
1 0.62109375 0.38984375 0.03125 0.02890625
1 0.175 0.69140625 0.128125 0.125
1 0.71328125 0.36640625 0.02265625 0.025
1 0.515625 0.425 0.04296875 0.04140625
0 0.66875 0.375 0.059375 0.075
1 0.67890625 0.9 0.14765625 0.19140625
1 0.7484375 0.35625 0.02578125 0.02109375
0 0.809375 0.39609375 0.05078125 0.09140625
1 0.88671875 0.375 0.02265625 0.025
1 0.8453125 0.37265625 0.01953125 0.02109375
1 0.871875 0.40234375 0.028125 0.02890625