1 0.4078125 0.46484375 0.059375 0.04609375
1 0.91015625 0.5625 0.059375 0.075
1 0.10390625 0.58125 0.11640625 0.0875
1 0.30078125 0.56875 0.096875 0.07890625
1 0.91640625 0.47109375 0.04296875 0.05
1 0.77265625 0.63359375 0.0796875 0.09140625
1 0.721875 0.54140625 0.0625 0.06640625
1 0.515625 0.50390625 0.065625 0.05859375
1 0.86953125 0.42265625 0.034375 0.04609375
1 0.83828125 0.48125 0.03984375 0.05390625
1 0.73125 0.44140625 0.04296875 0.04140625
1 0.80859375 0.56640625 0.065625 0.08359375
1 0.61484375 0.39765625 0.03125 0.02890625
1 0.2359375 0.89375 0.22734375 0.20390625
1 0.76953125 0.39765625 0.02265625 0.02890625
1 0.8875 0.85625 0.121875 0.20390625
1 0.74453125 0.35 0.0171875 0.025
1 0.92734375 0.40234375 0.02578125 0.0375
0 0.55546875 0.43359375 0.0765625 0.09140625
0 0.80703125 0.40078125 0.06328125 0.09765625