1 0.8921875 0.71484375 0.090625 0.12109375
1 0.81953125 0.40390625 0.03125 0.03359375
1 0.9234375 0.4 0.028125 0.03359375
1 0.40625 0.72734375 0.14765625 0.12890625
1 0.91640625 0.45859375 0.04296875 0.05
1 0.82109375 0.525 0.0625 0.075
1 0.86328125 0.42734375 0.034375 0.0375
1 0.78984375 0.38359375 0.028125 0.03359375
1 0.871875 0.39609375 0.028125 0.03359375
1 0.84921875 0.46875 0.03984375 0.04609375
1 0.765625 0.4125 0.02578125 0.03359375
1 0.60390625 0.41640625 0.04296875 0.04140625
0 0.41171875 0.50234375 0.13046875 0.10390625
1 0.6421875 0.96484375 0.16484375 0.0625
0 0.69140625 0.37109375 0.03125 0.05
1 0.92578125 0.3625 0.02265625 0.025
0 0.684375 0.56640625 0.18671875 0.26953125
0 0.75078125 0.35234375 0.0265625 0.04375
0 0.85 0.3484375 0.04375 0.07421875