1 0.46484375 0.8 0.09921875 0.125
1 0.2203125 0.83359375 0.08671875 0.15390625
1 0.3234375 0.76015625 0.075 0.10234375
1 0.421875 0.6390625 0.0515625 0.0625
1 0.259375 0.5984375 0.0390625 0.05
1 0.22265625 0.82421875 0.08671875 0.13671875
1 0.22265625 0.82421875 0.08671875 0.13671875
1 0.3546875 0.6515625 0.0484375 0.0625
1 0.3234375 0.76015625 0.075 0.10234375
1 0.421875 0.6390625 0.0515625 0.0625
1 0.259375 0.5984375 0.0390625 0.05
1 0.1984375 0.553125 0.03046875 0.04609375
1 0.3046875 0.5640625 0.0375 0.040625