1 0.659375 0.9125 0.153125 0.16640625
1 0.60078125 0.69453125 0.1109375 0.11640625
1 0.671875 0.37265625 0.02578125 0.02109375
1 0.8734375 0.78359375 0.1109375 0.15859375
1 0.36328125 0.475 0.05703125 0.05
1 0.753125 0.49609375 0.05078125 0.05859375
1 0.4078125 0.73125 0.1390625 0.1375
1 0.859375 0.45390625 0.04296875 0.05
1 0.62890625 0.37734375 0.02578125 0.02890625
1 0.78984375 0.62109375 0.07421875 0.09140625
1 0.8734375 0.40625 0.03125 0.0375
1 0.840625 0.50390625 0.05078125 0.06640625
1 0.53984375 0.40859375 0.03984375 0.03359375
1 0.921875 0.44375 0.03671875 0.04609375
1 0.9203125 0.39609375 0.028125 0.03359375
1 0.44765625 0.5 0.059375 0.05859375
1 0.64921875 0.42890625 0.04296875 0.03359375
1 0.690625 0.35 0.0171875 0.01640625
1 0.89375 0.35234375 0.01953125 0.02109375
0 0.81953125 0.38125 0.05390625 0.10390625
1 0.715625 0.38125 0.028125 0.02890625
1 0.7625 0.35234375 0.01953125 0.02109375