1 0.3140625 0.49765625 0.07109375 0.05390625
1 0.91328125 0.47734375 0.04296875 0.05390625
1 0.83359375 0.3875 0.02578125 0.025
1 0.21015625 0.90625 0.21015625 0.17890625
1 0.7984375 0.43515625 0.03984375 0.0375
1 0.86953125 0.42890625 0.028125 0.025
1 0.78671875 0.3875 0.02265625 0.025
1 0.69609375 0.83984375 0.1421875 0.20390625
1 0.55078125 0.75 0.13671875 0.15
1 0.7171875 0.45 0.04296875 0.04140625
1 0.41796875 0.51015625 0.06796875 0.0625
1 0.70625 0.35625 0.01953125 0.02109375
1 0.925 0.38359375 0.02578125 0.025
1 0.85546875 0.9625 0.159375 0.06640625
1 0.61328125 0.54140625 0.0796875 0.09140625
1 0.875 0.39375 0.028125 0.02890625
1 0.82109375 0.35625 0.0171875 0.02109375
1 0.7328125 0.33359375 0.0171875 0.01640625
0 0.6546875 0.3875 0.0625 0.07421875