1 0.515625 0.63125 0.09921875 0.10390625
0 0.9078125 0.25625 0.09921875 0.05390625
1 0.28125 0.53828125 0.090625 0.0765625
1 0.66171875 0.63515625 0.08984375 0.10390625
1 0.4265625 0.47265625 0.05859375 0.065625
1 0.475 0.4953125 0.06328125 0.06484375
1 0.49453125 0.51875 0.06796875 0.05546875
1 0.66171875 0.5125 0.06484375 0.071875
1 0.76328125 0.4890625 0.05546875 0.06171875
1 0.8046875 0.590625 0.071875 0.10625
1 0.90703125 0.58828125 0.06484375 0.1015625
1 0.34375 0.9671875 0.1875 0.065625
1 0.921875 0.4546875 0.0421875 0.04375
1 0.86015625 0.43984375 0.03359375 0.04140625
1 0.75703125 0.41640625 0.03984375 0.0359375
1 0.4875 0.434375 0.0359375 0.04375
1 0.60390625 0.40703125 0.0328125 0.03203125