1 0.2375 0.90390625 0.21328125 0.18359375
1 0.47734375 0.47734375 0.0625 0.05390625
1 0.90625 0.5625 0.05703125 0.075
1 0.1125 0.65859375 0.1390625 0.11640625
1 0.640625 0.94765625 0.16796875 0.09609375
1 0.23828125 0.52734375 0.0796875 0.0625
1 0.5625 0.41640625 0.03984375 0.03359375
1 0.43203125 0.45 0.0453125 0.04140625
1 0.91875 0.42734375 0.03125 0.0375
1 0.01875 0.61015625 0.03671875 0.07890625
1 0.73984375 0.33984375 0.01953125 0.02109375
1 0.925 0.38359375 0.02578125 0.03359375
0 0.6703125 0.47890625 0.05703125 0.09140625
0 0.8875 0.8703125 0.1953125 0.259375
0 0.78515625 0.59453125 0.10859375 0.18359375
0 0.765625 0.4421875 0.0859375 0.13359375
0 0.84921875 0.4453125 0.05546875 0.090625
1 0.88359375 0.390625 0.028125 0.03671875
1 0.5390625 0.4109375 0.034375 0.04375
1 0.68984375 0.40078125 0.03203125 0.040625
1 0.68515625 0.36171875 0.0234375 0.03359375