1 0.74453125 0.725 0.10234375 0.125
1 0.82109375 0.54140625 0.05703125 0.075
1 0.9234375 0.44765625 0.03984375 0.04609375
1 0.54375 0.62109375 0.09921875 0.09140625
1 0.92890625 0.37265625 0.02265625 0.02890625
1 0.76875 0.41484375 0.03125 0.02890625
1 0.871875 0.33359375 0.0171875 0.01640625
1 0.83203125 0.34765625 0.0171875 0.02109375
1 0.65078125 0.38125 0.028125 0.02890625
0 0.390625 0.81484375 0.371875 0.3625
1 0.8765625 0.4 0.02578125 0.04140625
1 0.596875 0.42734375 0.03984375 0.0375
1 0.75546875 0.33515625 0.0171875 0.02109375
0 0.8421875 0.46484375 0.05390625 0.0875