1 0.83125 0.52734375 0.059375 0.07109375
1 0.4546875 0.70390625 0.11953125 0.11640625
1 0.86484375 0.43359375 0.03671875 0.04140625
1 0.1546875 0.65859375 0.13359375 0.10859375
1 0.9203125 0.45 0.03984375 0.05
1 0.9046875 0.57734375 0.065625 0.07890625
1 0.38515625 0.92734375 0.21328125 0.1375
1 0.58671875 0.45625 0.05390625 0.05390625
1 0.41640625 0.48125 0.059375 0.05390625
1 0.66171875 0.39375 0.034375 0.02890625
1 0.7828125 0.38984375 0.02578125 0.02890625
1 0.63046875 0.39140625 0.028125 0.025
1 0.9234375 0.37265625 0.02265625 0.02890625
1 0.91875 0.41640625 0.02578125 0.025
1 0.825 0.35625 0.01953125 0.02109375
1 0.89453125 0.35 0.02265625 0.025
1 0.746875 0.5 0.05703125 0.05859375
1 0.82109375 0.39609375 0.028125 0.04140625
1 0.8765625 0.39140625 0.02578125 0.03359375
0 0.665625 0.4875 0.06875 0.0921875
0 0.68828125 0.35625 0.0453125 0.06328125
1 0.76875 0.35 0.0328125 0.03125