1 0.43984375 0.90390625 0.22265625 0.1921875
0 0.8734375 0.40390625 0.05390625 0.09140625
1 0.38046875 0.77265625 0.159375 0.15390625
1 0.91875 0.5109375 0.0546875 0.071875
1 0.7890625 0.64140625 0.07734375 0.10625
1 0.740625 0.5296875 0.0578125 0.07734375
1 0.62421875 0.54296875 0.071875 0.08828125
1 0.53125 0.496875 0.06953125 0.075
1 0.4578125 0.44921875 0.04609375 0.05859375
1 0.5390625 0.41328125 0.0421875 0.0421875
1 0.30078125 0.503125 0.0765625 0.07890625
1 0.625 0.39453125 0.0328125 0.04140625
1 0.79609375 0.3859375 0.03046875 0.03984375
1 0.67265625 0.3734375 0.0328125 0.03828125
1 0.92578125 0.415625 0.04140625 0.04375