0 0.50703125 0.45234375 0.17890625 0.1375
1 0.7375 0.74375 0.1109375 0.14609375
1 0.375 0.76015625 0.18203125 0.1875
0 0.6625 0.37421875 0.0640625 0.07734375
1 0.05078125 0.77265625 0.10078125 0.15859375
1 0.6375 0.5328125 0.065625 0.08046875
1 0.75234375 0.490625 0.059375 0.0546875
1 0.83828125 0.484375 0.0484375 0.04921875
1 0.92109375 0.46875 0.05078125 0.0515625
1 0.86171875 0.42578125 0.03984375 0.04375
1 0.76796875 0.41171875 0.0390625 0.04296875
1 0.79140625 0.3828125 0.03828125 0.034375
1 0.878125 0.4 0.0390625 0.03984375
1 0.928125 0.3859375 0.0375 0.0390625
1 0.61171875 0.44765625 0.046875 0.0453125
1 0.628125 0.396875 0.0328125 0.04140625