1 0.83828125 0.49609375 0.05078125 0.05859375
1 0.765625 0.72734375 0.09921875 0.12109375
1 0.6703125 0.50234375 0.05703125 0.0625
1 0.91640625 0.43125 0.03671875 0.04609375
1 0.74296875 0.51015625 0.059375 0.0625
1 0.49609375 0.45234375 0.0484375 0.04609375
1 0.55859375 0.40859375 0.03671875 0.03359375
1 0.4546875 0.49140625 0.05703125 0.05
1 0.93046875 0.375 0.02578125 0.03359375
1 0.67578125 0.40859375 0.034375 0.03359375
1 0.75390625 0.34609375 0.01953125 0.01640625
1 0.86328125 0.43125 0.034375 0.0375
1 0.6375 0.9375 0.1734375 0.11640625
1 0.8765625 0.40234375 0.03125 0.0375
1 0.89921875 0.34375 0.01953125 0.02109375
1 0.84765625 0.33359375 0.0140625 0.01640625
0 0.69296875 0.36484375 0.034375 0.05390625
1 0.8125 0.36640625 0.028125 0.03125