1 0.753125 0.73125 0.1078125 0.1375
1 0.91484375 0.46640625 0.03984375 0.05
1 0.90625 0.6 0.06796875 0.08359375
1 0.828125 0.35390625 0.01953125 0.025
1 0.5171875 0.42109375 0.03984375 0.04140625
1 0.35234375 0.79375 0.159375 0.14609375
1 0.92734375 0.35390625 0.01953125 0.025
1 0.49296875 0.5125 0.065625 0.06640625
1 0.6703125 0.39140625 0.028125 0.03359375
1 0.53671875 0.45390625 0.05078125 0.04140625
1 0.921875 0.41484375 0.03125 0.0375
1 0.66015625 0.36875 0.02578125 0.02109375
1 0.85390625 0.35234375 0.01953125 0.02109375
1 0.4046875 0.49140625 0.059375 0.05
1 0.8765625 0.4 0.03125 0.03359375
0 0.10078125 0.63984375 0.2015625 0.27890625
0 0.8265625 0.49765625 0.096875 0.17109375
1 0.77578125 0.325 0.0171875 0.01640625
1 0.73125 0.37265625 0.01953125 0.02109375
0 0.62109375 0.38359375 0.03671875 0.05
0 0.7328125 0.34609375 0.03984375 0.05
0 0.70625 0.51484375 0.13359375 0.1875