0 0.22890625 0.8875 0.45703125 0.21640625
1 0.46640625 0.68515625 0.12109375 0.1140625
1 0.26015625 0.58984375 0.1171875 0.11015625
0 0.38359375 0.49453125 0.07421875 0.078125
0 0.0703125 0.63046875 0.12421875 0.115625
1 0.69453125 0.55546875 0.07421875 0.08671875
1 0.76875 0.69140625 0.090625 0.115625
1 0.90234375 0.66796875 0.08359375 0.11953125
1 0.8140625 0.59296875 0.08125 0.084375
1 0.825 0.53203125 0.06171875 0.05078125
1 0.74453125 0.434375 0.04765625 0.05
1 0.59296875 0.43359375 0.0421875 0.040625
1 0.9234375 0.4609375 0.04765625 0.0515625
1 0.86328125 0.44609375 0.040625 0.040625
1 0.84453125 0.4875 0.0546875 0.04921875