1 0.8265625 0.52890625 0.05703125 0.075
1 0.60390625 0.38359375 0.03125 0.025
1 0.53515625 0.49140625 0.059375 0.05859375
1 0.7171875 0.51015625 0.05390625 0.05390625
1 0.44296875 0.49765625 0.0625 0.05390625
1 0.503125 0.42265625 0.03984375 0.0375
1 0.86640625 0.41875 0.034375 0.0375
1 0.92734375 0.38125 0.03125 0.0375
1 0.80703125 0.47265625 0.0453125 0.04609375
1 0.92734375 0.35 0.01953125 0.025
1 0.840625 0.37265625 0.02265625 0.02890625
1 0.70703125 0.46015625 0.0453125 0.04609375
1 0.8765625 0.38984375 0.02578125 0.02890625
1 0.8890625 0.36015625 0.02265625 0.02109375
0 0.503125 0.61640625 0.13046875 0.175
1 0.734375 0.36484375 0.03125 0.02890625
0 0.10078125 0.58125 0.2015625 0.24609375
0 0.55078125 0.85859375 0.403125 0.275