1 0.746875 0.70625 0.096875 0.12109375
1 0.6703125 0.61484375 0.08515625 0.09609375
1 0.74453125 0.42890625 0.03984375 0.04140625
1 0.83828125 0.49609375 0.05078125 0.06640625
1 0.57421875 0.59375 0.08515625 0.0875
1 0.62890625 0.375 0.02578125 0.025
0 0.80703125 0.39609375 0.05703125 0.09140625
1 0.74609375 0.35 0.01953125 0.025
1 0.65234375 0.42734375 0.04296875 0.0375
1 0.76953125 0.3375 0.0171875 0.01640625
0 0.70859375 0.36015625 0.04296875 0.04609375
1 0.85078125 0.36015625 0.01953125 0.02890625
0 0.33203125 0.59140625 0.13046875 0.10859375
1 0.8625 0.43359375 0.03671875 0.05
1 0.8921875 0.35625 0.0171875 0.02109375
1 0.93203125 0.34140625 0.0171875 0.025
0 0.91484375 0.41015625 0.034375 0.04609375
0 0.5 0.45625 0.0625 0.07890625