1 0.7203125 0.775 0.121875 0.15859375
1 0.60078125 0.43359375 0.04296875 0.04140625
1 0.45 0.46640625 0.05390625 0.05
1 0.91640625 0.45390625 0.04296875 0.05
1 0.91640625 0.53359375 0.059375 0.075
1 0.6859375 0.48984375 0.05390625 0.05390625
1 0.65234375 0.93359375 0.16171875 0.125
1 0.0640625 0.63125 0.128125 0.09609375
1 0.69609375 0.3625 0.02265625 0.025
1 0.76171875 0.65390625 0.0796875 0.1
0 0.81640625 0.39140625 0.05390625 0.09140625
1 0.43046875 0.71015625 0.128125 0.12890625
1 0.92734375 0.40390625 0.02578125 0.03359375
1 0.7640625 0.40625 0.034375 0.0375
1 0.88515625 0.40390625 0.02578125 0.03359375
1 0.92734375 0.37265625 0.02578125 0.02890625
1 0.69140625 0.38671875 0.03359375 0.0296875
1 0.48203125 0.4875 0.06015625 0.0609375
0 0.828125 0.51796875 0.10078125 0.14921875
1 0.8625 0.4296875 0.0453125 0.05859375