1 0.38046875 0.49140625 0.06796875 0.05859375
0 0.66328125 0.55234375 0.15625 0.22890625
1 0.66328125 0.92734375 0.15625 0.1375
1 0.46484375 0.48984375 0.065625 0.05390625
1 0.77734375 0.65625 0.09453125 0.13203125
1 0.87734375 0.87890625 0.1234375 0.20859375
1 0.4828125 0.66796875 0.1140625 0.1203125
1 0.42265625 0.55 0.10390625 0.1015625
1 0.625 0.403125 0.0375 0.046875
0 0.65078125 0.4046875 0.04375 0.05859375
0 0.87265625 0.39921875 0.0625 0.07890625
0 0.8578125 0.3453125 0.03828125 0.0625
1 0.81484375 0.5328125 0.05703125 0.07890625
1 0.91796875 0.53046875 0.0546875 0.0671875
1 0.8546875 0.48203125 0.0609375 0.053125
1 0.928125 0.43828125 0.04609375 0.04609375
1 0.85859375 0.44140625 0.05546875 0.04296875
0 0.7265625 0.3375 0.04375 0.05
1 0.81796875 0.36015625 0.02578125 0.03125
1 0.92265625 0.40625 0.04140625 0.03828125