1 0.325 0.55859375 0.08828125 0.075
1 0.80859375 0.56484375 0.07109375 0.07890625
1 0.909375 0.53515625 0.05703125 0.07109375
1 0.44296875 0.91875 0.19921875 0.15390625
1 0.45 0.45625 0.059375 0.05390625
1 0.23046875 0.53125 0.0796875 0.0625
1 0.72890625 0.78984375 0.11640625 0.15390625
0 0.61640625 0.52109375 0.0796875 0.10859375
1 0.60078125 0.42734375 0.04296875 0.0375
1 0.64765625 0.42265625 0.03984375 0.0375
1 0.80390625 0.42265625 0.034375 0.0375
1 0.91875 0.42265625 0.03671875 0.04609375
1 0.6546875 0.37734375 0.02578125 0.02890625
1 0.7 0.35234375 0.01953125 0.02109375
1 0.84765625 0.36640625 0.01953125 0.025
1 0.80546875 0.37265625 0.02578125 0.02890625
1 0.8296875 0.38984375 0.02265625 0.02890625
1 0.5 0.42265625 0.03984375 0.0375
1 0.89765625 0.38125 0.028125 0.02890625
1 0.76953125 0.33359375 0.0171875 0.025
0 0.8890625 0.75390625 0.13046875 0.25
0 0.71875 0.3375 0.0171875 0.025
1 0.8265625 0.34765625 0.0171875 0.02109375
1 0.86484375 0.45625 0.04296875 0.07109375
1 0.92578125 0.36640625 0.02265625 0.03359375