1 0.6390625 0.52890625 0.0625 0.06640625
1 0.909375 0.57109375 0.06796875 0.08359375
1 0.71171875 0.55390625 0.065625 0.075
1 0.55 0.40625 0.03125 0.02890625
1 0.77109375 0.40625 0.03125 0.0375
1 0.559375 0.475 0.0453125 0.05
1 0.69921875 0.37265625 0.028125 0.02890625
1 0.921875 0.44375 0.03671875 0.04609375
1 0.8109375 0.36484375 0.01953125 0.02109375
1 0.92578125 0.39609375 0.028125 0.03359375
1 0.875 0.40390625 0.028125 0.03359375
1 0.8609375 0.43984375 0.034375 0.0375
1 0.75703125 0.325 0.0140625 0.01640625
1 0.88515625 0.375 0.02578125 0.025
1 0.86640625 0.95390625 0.159375 0.08359375
1 0.796875 0.32734375 0.0140625 0.0125
0 0.84765625 0.35 0.03125 0.05859375
1 0.03828125 0.75 0.0765625 0.18125
1 0.81328125 0.409375 0.02734375 0.06484375