1 0.76953125 0.65 0.08515625 0.1
1 0.83203125 0.49375 0.05078125 0.05390625
1 0.8921875 0.63359375 0.0796875 0.1
1 0.690625 0.85625 0.1421875 0.19609375
1 0.9203125 0.41484375 0.028125 0.0375
1 0.57265625 0.4375 0.04296875 0.04140625
1 0.77734375 0.46640625 0.0484375 0.05
1 0.38515625 0.75 0.1390625 0.14140625
1 0.64609375 0.42890625 0.03671875 0.04140625
1 0.621875 0.39375 0.034375 0.02890625
1 0.75859375 0.41484375 0.034375 0.0375
1 0.90625 0.51875 0.05078125 0.0625
1 0.671875 0.35625 0.01953125 0.02109375
1 0.03828125 0.61015625 0.0765625 0.09609375
1 0.52734375 0.49140625 0.05390625 0.05859375
1 0.92734375 0.37734375 0.02578125 0.02890625
1 0.8578125 0.44140625 0.03984375 0.05
1 0.715625 0.37109375 0.028125 0.025
0 0.8296875 0.375 0.0453125 0.075
1 0.87265625 0.40625 0.0359375 0.03359375
0 0.4078125 0.51796875 0.1234375 0.11328125