1 0.31171875 0.50234375 0.0765625 0.07421875
0 0.71875 0.50625 0.13046875 0.20390625
1 0.75390625 0.7 0.09921875 0.11640625
0 0.83515625 0.46875 0.096875 0.15390625
1 0.9046875 0.67421875 0.0890625 0.13046875
1 0.921875 0.49375 0.0515625 0.0703125
1 0.6453125 0.915625 0.17578125 0.16875
1 0.4671875 0.48984375 0.06953125 0.0765625
1 0.5390625 0.45234375 0.05546875 0.05703125
1 0.57578125 0.58984375 0.075 0.09140625
1 0.53984375 0.4125 0.0546875 0.03828125
1 0.64921875 0.3921875 0.0296875 0.0390625