1 0.53671875 0.4125 0.034375 0.03359375
1 0.5015625 0.475 0.05390625 0.05
1 0.81640625 0.57265625 0.065625 0.0875
1 0.6859375 0.86015625 0.128125 0.17109375
1 0.41328125 0.45859375 0.05390625 0.04140625
1 0.69453125 0.39765625 0.03125 0.02890625
1 0.86328125 0.42734375 0.034375 0.0375
1 0.846875 0.4625 0.0453125 0.05
1 0.39609375 0.49765625 0.065625 0.05390625
1 0.875 0.39609375 0.028125 0.03359375
1 0.03984375 0.61015625 0.0796875 0.10390625
1 0.659375 0.39609375 0.034375 0.03359375
1 0.8890625 0.37265625 0.02265625 0.02890625
1 0.8625 0.34765625 0.01953125 0.02109375
1 0.70859375 0.35234375 0.02578125 0.02890625
0 0.73984375 0.34375 0.03671875 0.05390625
1 0.02109375 0.7890625 0.0421875 0.103125
0 0.60234375 0.53515625 0.0796875 0.10390625
0 0.83359375 0.37265625 0.04296875 0.0625
0 0.6984375 0.53359375 0.16640625 0.20859375