1 0.628125 0.43359375 0.03984375 0.04140625
1 0.46328125 0.49140625 0.06796875 0.05
1 0.77734375 0.64765625 0.08203125 0.09609375
1 0.5328125 0.65 0.09921875 0.09140625
1 0.66796875 0.37109375 0.028125 0.025
1 0.33671875 0.51484375 0.08203125 0.0625
1 0.9234375 0.41484375 0.034375 0.0375
1 0.734375 0.4375 0.03671875 0.04140625
1 0.73125 0.52265625 0.059375 0.0625
1 0.68203125 0.48984375 0.05078125 0.05390625
1 0.809375 0.57265625 0.06796875 0.07890625
1 0.36484375 0.47109375 0.065625 0.05
1 0.925 0.38125 0.02578125 0.02890625
1 0.83984375 0.375 0.01953125 0.025
1 0.85078125 0.49140625 0.04296875 0.05
0 0.61953125 0.85 0.28984375 0.3
0 0.80078125 0.40703125 0.06484375 0.10625
0 0.8734375 0.396875 0.0484375 0.09296875
0 0.75546875 0.3375 0.05234375 0.05859375
1 0.8328125 0.51640625 0.0640625 0.0625
1 0.84921875 0.4609375 0.03515625 0.04609375