1 0.45859375 0.52734375 0.0765625 0.07109375
1 0.72578125 0.79765625 0.121875 0.14609375
1 0.65234375 0.52265625 0.065625 0.07109375
1 0.5125 0.82734375 0.14453125 0.15390625
1 0.77421875 0.65234375 0.08203125 0.10390625
1 0.91796875 0.48984375 0.0453125 0.05390625
1 0.86796875 0.90234375 0.14453125 0.1875
1 0.33359375 0.51484375 0.08203125 0.0625
1 0.625 0.96484375 0.17578125 0.0625
1 0.8453125 0.36875 0.01953125 0.02109375
1 0.7984375 0.57265625 0.0625 0.0625
0 0.784375 0.42890625 0.0625 0.09140625
1 0.68046875 0.36484375 0.02578125 0.02109375
0 0.73125 0.34609375 0.03671875 0.05859375
1 0.86484375 0.42890625 0.03671875 0.05
1 0.77734375 0.33515625 0.01953125 0.02109375
1 0.84375 0.48515625 0.0453125 0.05390625
1 0.8109375 0.36015625 0.01953125 0.02890625
1 0.69296875 0.4 0.028125 0.03359375
1 0.32578125 0.56484375 0.0890625 0.0765625
0 0.625 0.384375 0.07265625 0.07734375
0 0.878125 0.39765625 0.03984375 0.0671875