0 0.1734375 0.64375 0.21015625 0.22109375
0 0.596875 0.625 0.13671875 0.175
0 0.45859375 0.7625 0.41171875 0.45859375
1 0.40390625 0.75 0.159375 0.16015625
1 0.6671875 0.92109375 0.14296875 0.1578125
1 0.78203125 0.66640625 0.0953125 0.13203125
1 0.88984375 0.7109375 0.10546875 0.12578125
1 0.83046875 0.51328125 0.07109375 0.06484375
1 0.91796875 0.48046875 0.046875 0.059375
1 0.76953125 0.46640625 0.0515625 0.04140625
1 0.71640625 0.4578125 0.0484375 0.05234375
1 0.5953125 0.42890625 0.046875 0.0421875
1 0.534375 0.43203125 0.05703125 0.04453125
1 0.68125 0.38125 0.03359375 0.03359375
1 0.6625 0.41953125 0.034375 0.04453125
0 0.80234375 0.421875 0.04921875 0.05703125
1 0.86796875 0.4265625 0.0390625 0.05
1 0.91953125 0.41953125 0.04296875 0.03984375