1 0.2296875 0.653125 0.14296875 0.1421875
0 0.675 0.54375 0.15625 0.22890625
0 0.84765625 0.47890625 0.05390625 0.08359375
1 0.64453125 0.9140625 0.14375 0.17109375
1 0.7171875 0.76796875 0.12109375 0.1609375
1 0.8859375 0.84453125 0.11484375 0.1796875
1 0.7953125 0.6734375 0.08828125 0.1203125
1 0.80625 0.58671875 0.06640625 0.071875
1 0.8296875 0.53515625 0.065625 0.0890625
1 0.4859375 0.67109375 0.10703125 0.115625
1 0.45546875 0.46953125 0.05546875 0.06953125
1 0.28125 0.51875 0.07890625 0.07890625
1 0.62890625 0.39375 0.0359375 0.04765625
1 0.78203125 0.3921875 0.03203125 0.03046875
1 0.92109375 0.47109375 0.046875 0.053125
1 0.925 0.421875 0.03515625 0.03359375
1 0.92734375 0.38046875 0.0296875 0.03828125