1 0.2953125 0.50625 0.07421875 0.05390625
1 0.60546875 0.56640625 0.0796875 0.075
1 0.79375 0.62265625 0.08203125 0.09609375
1 0.496875 0.44765625 0.05078125 0.04609375
1 0.58515625 0.39140625 0.028125 0.025
1 0.9203125 0.45 0.03984375 0.05
1 0.84765625 0.47890625 0.0484375 0.05859375
1 0.81953125 0.36015625 0.01953125 0.02109375
1 0.903125 0.6125 0.07421875 0.09140625
1 0.85390625 0.33125 0.0140625 0.0125
1 0.5453125 0.4125 0.034375 0.03359375
1 0.73046875 0.33515625 0.0171875 0.02109375
1 0.06953125 0.63984375 0.1390625 0.12890625
1 0.86484375 0.43125 0.03125 0.0375
1 0.78125 0.39140625 0.028125 0.04140625
1 0.72265625 0.38125 0.02578125 0.02890625
1 0.875 0.39140625 0.028125 0.03359375
1 0.87109375 0.3375 0.0140625 0.01640625
1 0.684375 0.37734375 0.02265625 0.02109375
1 0.778125 0.32734375 0.0171875 0.0125
1 0.80078125 0.33984375 0.0171875 0.02109375