0 0.78515625 0.59609375 0.15078125 0.275
0 0.6203125 0.88828125 0.2515625 0.2234375
1 0.2578125 0.89453125 0.20390625 0.1984375
1 0.1 0.58515625 0.11953125 0.1046875
1 0.42265625 0.515625 0.07421875 0.08046875
1 0.45078125 0.43671875 0.05 0.0625
1 0.8796875 0.9578125 0.165625 0.084375
1 0.6390625 0.646875 0.0953125 0.1046875
1 0.62265625 0.54609375 0.07109375 0.07421875
1 0.5890625 0.46328125 0.06015625 0.075
1 0.628125 0.40703125 0.05 0.04140625
1 0.915625 0.4640625 0.0453125 0.06171875
1 0.87578125 0.4125 0.0421875 0.04140625
1 0.78671875 0.39375 0.03125 0.04375
1 0.93359375 0.41875 0.04140625 0.04609375
1 0.8203125 0.3625 0.028125 0.03671875