1 0.80859375 0.56875 0.07109375 0.07890625
1 0.778125 0.66484375 0.0796875 0.09609375
1 0.87890625 0.80234375 0.1109375 0.15390625
1 0.8 0.42734375 0.03671875 0.0375
1 0.73125 0.44375 0.04296875 0.0375
1 0.91484375 0.53125 0.05703125 0.07109375
1 0.73046875 0.53359375 0.0625 0.06640625
1 0.66328125 0.36875 0.02578125 0.02109375
1 0.77265625 0.4 0.028125 0.03359375
1 0.69140625 0.4 0.03125 0.03359375
1 0.84375 0.48359375 0.0453125 0.05
1 0.47734375 0.51484375 0.06796875 0.07109375
1 0.61796875 0.44375 0.04296875 0.04609375
1 0.91328125 0.45390625 0.03671875 0.04140625
1 0.05 0.69140625 0.09921875 0.11640625
0 0.55078125 0.41875 0.096875 0.1125
0 0.8578125 0.425 0.0453125 0.075
1 0.925 0.37109375 0.02578125 0.03359375
1 0.809375 0.36875 0.02265625 0.02109375
1 0.71171875 0.35625 0.01953125 0.02109375
1 0.73125 0.35 0.01953125 0.01640625
0 0.86484375 0.33125 0.03125 0.04609375
1 0.53515625 0.78125 0.121875 0.1625
0 0.91015625 0.31875 0.01953125 0.0375
1 0.8515625 0.36171875 0.02421875 0.0296875
1 0.834375 0.35078125 0.0265625 0.028125
1 0.878125 0.390625 0.03203125 0.03125