1 0.83984375 0.51484375 0.05390625 0.0625
1 0.69921875 0.83125 0.125 0.17109375
1 0.61640625 0.54375 0.06796875 0.07109375
1 0.85390625 0.4375 0.03671875 0.04140625
1 0.653125 0.38515625 0.028125 0.02109375
1 0.78671875 0.39375 0.028125 0.02890625
1 0.921875 0.39609375 0.02578125 0.04140625
1 0.73125 0.52734375 0.065625 0.07109375
1 0.73828125 0.35390625 0.02265625 0.025
0 0.3578125 0.49609375 0.1703125 0.175
1 0.64609375 0.42890625 0.03125 0.04140625
1 0.87890625 0.3875 0.02578125 0.03359375
1 0.703125 0.34765625 0.01953125 0.02109375
1 0.58203125 0.46875 0.05078125 0.05390625
1 0.0296875 0.65390625 0.059375 0.08359375
1 0.80390625 0.37109375 0.0171875 0.025
0 0.83203125 0.37890625 0.03984375 0.06640625
0 0.86796875 0.32734375 0.02578125 0.04609375
0 0.88671875 0.35390625 0.02265625 0.04140625