1 0.75859375 0.69375 0.096875 0.12890625
1 0.59921875 0.3875 0.028125 0.025
1 0.88515625 0.79140625 0.121875 0.16640625
1 0.91484375 0.49375 0.05078125 0.0625
1 0.57265625 0.59375 0.08203125 0.09609375
1 0.659375 0.5 0.05078125 0.05859375
1 0.72265625 0.5125 0.059375 0.075
1 0.17734375 0.63984375 0.13359375 0.1125
1 0.62890625 0.95390625 0.1734375 0.08359375
1 0.77421875 0.39609375 0.03125 0.03359375
1 0.5 0.84140625 0.153125 0.175
1 0.91875 0.42265625 0.03671875 0.0375
1 0.875 0.4125 0.028125 0.03359375
1 0.55234375 0.47890625 0.05390625 0.05859375
1 0.8890625 0.36875 0.02265625 0.02890625
1 0.40625 0.45859375 0.05703125 0.05
1 0.65625 0.39375 0.034375 0.0375
1 0.4859375 0.45390625 0.05703125 0.04921875
1 0.67890625 0.36875 0.0171875 0.02109375
0 0.8171875 0.38359375 0.05234375 0.09453125
0 0.8390625 0.490625 0.06484375 0.11875
1 0.49296875 0.47421875 0.05703125 0.059375