1 0.3609375 0.5 0.07421875 0.05859375
1 0.6890625 0.4875 0.05390625 0.05
1 0.921875 0.48515625 0.0484375 0.05390625
1 0.86484375 0.44765625 0.03671875 0.0375
1 0.8734375 0.40859375 0.02578125 0.03359375
1 0.925 0.39375 0.02578125 0.02890625
1 0.809375 0.3625 0.02265625 0.025
1 0.88359375 0.38125 0.028125 0.0375
0 0.79375 0.61640625 0.15078125 0.29140625
1 0.7796875 0.39609375 0.03125 0.03359375
1 0.9203125 0.65 0.08515625 0.11640625
1 0.71875 0.35234375 0.02265625 0.02109375
1 0.840625 0.37109375 0.02265625 0.025
1 0.8625 0.95625 0.14453125 0.07890625
1 0.84921875 0.48515625 0.03984375 0.05390625