1 0.91015625 0.54375 0.059375 0.07109375
1 0.88515625 0.79140625 0.1109375 0.16640625
1 0.8125 0.57265625 0.06796875 0.07890625
1 0.859375 0.45 0.04296875 0.04140625
1 0.52421875 0.41640625 0.03671875 0.03359375
1 0.878125 0.38359375 0.028125 0.025
1 0.63515625 0.37109375 0.02578125 0.025
1 0.753125 0.725 0.096875 0.11640625
1 0.41875 0.45625 0.05390625 0.04609375
1 0.921875 0.41640625 0.03125 0.03359375
1 0.72890625 0.35859375 0.01953125 0.025
1 0.925 0.46875 0.04296875 0.04609375
1 0.925 0.37734375 0.02578125 0.02890625
1 0.71171875 0.35234375 0.01953125 0.02109375
1 0.60078125 0.42734375 0.03671875 0.0375
1 0.63359375 0.43515625 0.03984375 0.0375
1 0.86640625 0.34375 0.0171875 0.02109375
1 0.7640625 0.33359375 0.0171875 0.01640625
1 0.890625 0.36015625 0.01953125 0.02109375
0 0.2546875 0.83984375 0.50390625 0.3203125
1 0.56953125 0.39765625 0.03046875 0.04296875
0 0.7875 0.42734375 0.07578125 0.14296875