1 0.73984375 0.76484375 0.11640625 0.15390625
1 0.4234375 0.48125 0.0625 0.05390625
0 0.63359375 0.38984375 0.0625 0.07890625
1 0.69140625 0.48125 0.05390625 0.05390625
1 0.25703125 0.55 0.09921875 0.06640625
1 0.7796875 0.46484375 0.0484375 0.05390625
1 0.79140625 0.38359375 0.02578125 0.025
1 0.9203125 0.4375 0.03984375 0.05
1 0.81953125 0.4 0.03125 0.03359375
0 0.53984375 0.43359375 0.07421875 0.09140625
0 0.871875 0.39375 0.05078125 0.07890625
1 0.8421875 0.49375 0.0484375 0.05390625
1 0.72265625 0.34765625 0.01953125 0.02109375
1 0.67734375 0.35390625 0.01953125 0.025
1 0.9234375 0.4 0.034375 0.04140625
0 0.84765625 0.34765625 0.03671875 0.05390625
0 0.89921875 0.33125 0.02578125 0.04609375
0 0.88046875 0.3375 0.0171875 0.03359375