1 0.80390625 0.57734375 0.06796875 0.07890625
1 0.7515625 0.70625 0.09375 0.12109375
1 0.91171875 0.51640625 0.05703125 0.06640625
1 0.9046875 0.67265625 0.08203125 0.1125
1 0.8296875 0.51015625 0.05703125 0.0625
1 0.6703125 0.5 0.0625 0.05859375
1 0.9234375 0.37890625 0.02265625 0.03359375
1 0.51953125 0.43359375 0.0453125 0.04140625
0 0.4875 0.76015625 0.33828125 0.45390625
0 0.7640625 0.44921875 0.0859375 0.13515625
0 0.86640625 0.42109375 0.06328125 0.09765625
1 0.63359375 0.95 0.1703125 0.1
1 0.8609375 0.9390625 0.153125 0.121875
1 0.1921875 0.60078125 0.13984375 0.125
1 0.70234375 0.3984375 0.0328125 0.040625
1 0.728125 0.36171875 0.0328125 0.03203125
1 0.928125 0.41875 0.03359375 0.04609375
1 0.85234375 0.47734375 0.04921875 0.05546875