1 0.753125 0.69765625 0.10234375 0.12109375
1 0.07421875 0.58515625 0.11953125 0.0875
1 0.81640625 0.52734375 0.05390625 0.0625
1 0.6109375 0.55625 0.06796875 0.07109375
1 0.3296875 0.51875 0.07421875 0.0625
1 0.58203125 0.46015625 0.05078125 0.05390625
1 0.41015625 0.91875 0.1734375 0.15390625
1 0.87109375 0.40859375 0.03125 0.03359375
1 0.92578125 0.37734375 0.02265625 0.02890625
1 0.840625 0.47890625 0.0453125 0.05
1 0.58828125 0.39140625 0.034375 0.03359375
1 0.8125 0.36484375 0.02265625 0.02890625
1 0.784375 0.38984375 0.028125 0.0375
1 0.89921875 0.34140625 0.01953125 0.025
1 0.8453125 0.37109375 0.01953125 0.025
1 0.67578125 0.36640625 0.028125 0.03359375
0 0.45703125 0.46484375 0.090625 0.1125
1 0.69453125 0.34609375 0.01953125 0.025
1 0.88359375 0.375 0.02265625 0.025
1 0.83984375 0.34375 0.0140625 0.02109375
0 0.7 0.459375 0.07421875 0.09921875