1 0.73984375 0.71015625 0.09921875 0.12109375
1 0.8921875 0.77734375 0.1078125 0.14609375
1 0.8265625 0.53359375 0.0625 0.075
1 0.8453125 0.47265625 0.04296875 0.04609375
1 0.86328125 0.42109375 0.034375 0.04140625
1 0.35546875 0.5 0.07421875 0.075
1 0.421875 0.55 0.08828125 0.08359375
1 0.90078125 0.57109375 0.0625 0.075
1 0.7515625 0.42109375 0.03671875 0.04140625
1 0.6265625 0.54375 0.065625 0.0625
1 0.9234375 0.41875 0.034375 0.0375
1 0.9203125 0.46484375 0.03984375 0.04609375
1 0.66796875 0.91640625 0.14765625 0.15859375
1 0.81953125 0.35859375 0.01953125 0.025
1 0.675 0.35625 0.01953125 0.02109375
1 0.6890625 0.36875 0.01953125 0.02109375
0 0.47734375 0.82265625 0.2046875 0.27890625
1 0.84765625 0.36640625 0.01953125 0.025
1 0.70859375 0.34140625 0.01953125 0.01640625
1 0.86328125 0.35 0.0171875 0.025
0 0.7484375 0.34765625 0.04296875 0.0375
1 0.5140625 0.41640625 0.02265625 0.03359375
0 0.8890625 0.37109375 0.03984375 0.06640625
0 0.57421875 0.41640625 0.1078125 0.10859375
0 0.92890625 0.36875 0.028125 0.04609375
0 0.065625 0.65625 0.13046875 0.2375