1 0.78828125 0.62109375 0.0765625 0.09140625
1 0.734375 0.775 0.11640625 0.15859375
0 0.5640625 0.41015625 0.11640625 0.12109375
1 0.81953125 0.53125 0.059375 0.07109375
1 0.8890625 0.65625 0.0796875 0.10390625
1 0.75546875 0.49375 0.05078125 0.05390625
1 0.66796875 0.5 0.0625 0.05859375
1 0.42890625 0.475 0.05703125 0.05859375
1 0.784375 0.39609375 0.028125 0.03359375
1 0.4078125 0.55 0.09921875 0.1
1 0.5328125 0.77890625 0.13359375 0.15859375
1 0.7 0.35859375 0.01953125 0.025
1 0.9203125 0.40390625 0.028125 0.03359375
0 0.74609375 0.3375 0.03671875 0.05
1 0.925 0.35859375 0.01953125 0.025
1 0.890625 0.36640625 0.01953125 0.025
1 0.82109375 0.40625 0.028125 0.02890625
1 0.8296875 0.35234375 0.0171875 0.02109375
1 0.69609375 0.3875 0.02265625 0.025
1 0.859375 0.36015625 0.01953125 0.02109375
0 0.86328125 0.42890625 0.0625 0.11640625
0 0.8 0.31484375 0.02578125 0.0375
0 0.91796875 0.47734375 0.05703125 0.1125
0 0.7828125 0.31640625 0.0140625 0.025
0 0.88671875 0.3125 0.0171875 0.025
0 0.93046875 0.31875 0.01953125 0.02890625
0 0.93359375 0.29609375 0.01953125 0.025