1 0.815625 0.575 0.06796875 0.075
1 0.675 0.89765625 0.14453125 0.19609375
1 0.91796875 0.46640625 0.03984375 0.05
1 0.765625 0.48125 0.0484375 0.04609375
1 0.78828125 0.3875 0.02578125 0.03359375
1 0.6109375 0.55 0.07421875 0.075
1 0.1875 0.68359375 0.159375 0.125
1 0.921875 0.42109375 0.03125 0.03359375
1 0.815625 0.41015625 0.034375 0.02890625
1 0.871875 0.40625 0.028125 0.02890625
0 0.34921875 0.50625 0.19921875 0.17109375
1 0.88671875 0.36875 0.02265625 0.02109375
1 0.92578125 0.37265625 0.02265625 0.02890625
1 0.72421875 0.44375 0.03984375 0.04609375
0 0.6578125 0.3875 0.04296875 0.04140625
1 0.83984375 0.49375 0.0484375 0.07109375
1 0.6890625 0.35625 0.02578125 0.02890625
1 0.75546875 0.35859375 0.02265625 0.025
1 0.86328125 0.43515625 0.034375 0.0375
1 0.8921875 0.35234375 0.0171875 0.02109375