1 0.91328125 0.59609375 0.07109375 0.08359375
1 0.60078125 0.56875 0.08203125 0.07890625
1 0.63671875 0.3875 0.028125 0.025
1 0.77734375 0.39765625 0.02578125 0.02890625
1 0.925 0.44765625 0.03671875 0.04609375
1 0.921875 0.39609375 0.02578125 0.025
1 0.70703125 0.37265625 0.02265625 0.02109375
1 0.58984375 0.42265625 0.03671875 0.0375
1 0.67578125 0.35859375 0.02265625 0.025
1 0.8875 0.375 0.01953125 0.025
1 0.86796875 0.44140625 0.03671875 0.04140625
1 0.815625 0.37109375 0.02265625 0.025
0 0.78828125 0.56484375 0.13359375 0.2625
1 0.39375 0.49140625 0.065625 0.05
0 0.27578125 0.57109375 0.18203125 0.125
1 0.75390625 0.3375 0.01953125 0.01640625
0 0.30234375 0.89375 0.31953125 0.2046875
1 0.07578125 0.6203125 0.14296875 0.14453125