1 0.796875 0.61640625 0.0765625 0.1
1 0.85078125 0.46875 0.03671875 0.04609375
1 0.91171875 0.47890625 0.0453125 0.05859375
1 0.38671875 0.49609375 0.06796875 0.06640625
1 0.8265625 0.53125 0.05078125 0.0625
1 0.28671875 0.50859375 0.07421875 0.05859375
1 0.85078125 0.3625 0.01953125 0.025
1 0.66328125 0.5 0.059375 0.05859375
1 0.88359375 0.36875 0.02265625 0.02109375
1 0.496875 0.82109375 0.159375 0.15859375
1 0.68359375 0.37109375 0.02578125 0.025
1 0.6375 0.37265625 0.02578125 0.02109375
1 0.921875 0.40234375 0.02578125 0.02890625
1 0.825 0.39609375 0.02578125 0.03359375
1 0.39609375 0.55859375 0.08828125 0.08359375
1 0.871875 0.4 0.028125 0.03359375
1 0.92734375 0.38359375 0.02578125 0.025
1 0.80703125 0.36640625 0.02265625 0.025
1 0.78515625 0.39140625 0.02578125 0.025
1 0.72265625 0.37890625 0.02578125 0.025
1 0.89921875 0.35390625 0.01953125 0.025
0 0.75546875 0.4625 0.0796875 0.13359375
1 0.60625 0.39375 0.03671875 0.0375
1 0.4203125 0.7515625 0.1390625 0.128125