1 0.91328125 0.46875 0.04296875 0.05390625
1 0.71015625 0.86484375 0.13671875 0.19609375
1 0.90234375 0.64765625 0.08203125 0.10390625
1 0.68359375 0.59375 0.0765625 0.07890625
1 0.80703125 0.55 0.0625 0.06640625
1 0.8609375 0.43515625 0.034375 0.0375
1 0.13515625 0.94375 0.2359375 0.10390625
1 0.5140625 0.46640625 0.05078125 0.05
1 0.92734375 0.3875 0.02578125 0.025
1 0.58515625 0.39375 0.034375 0.02890625
1 0.71875 0.45234375 0.0453125 0.04609375
1 0.87890625 0.38125 0.02578125 0.02890625
1 0.56640625 0.47734375 0.05390625 0.05390625
0 0.8140625 0.39609375 0.0484375 0.08359375
1 0.54140625 0.43359375 0.04296875 0.04140625
0 0.2625 0.51640625 0.0765625 0.06640625
0 0.76875 0.45 0.05390625 0.08359375
1 0.89453125 0.36015625 0.02265625 0.02890625
1 0.65078125 0.38515625 0.03515625 0.0296875
1 0.8453125 0.36484375 0.0421875 0.05