1 0.67734375 0.49609375 0.05390625 0.05859375
1 0.80859375 0.56484375 0.07109375 0.07890625
1 0.8625 0.44140625 0.03671875 0.04140625
1 0.90078125 0.6625 0.08515625 0.11640625
1 0.921875 0.5 0.0484375 0.06640625
1 0.76015625 0.7125 0.09921875 0.11640625
1 0.840625 0.475 0.0453125 0.05
1 0.76015625 0.409375 0.028125 0.0375
1 0.6859375 0.89765625 0.15078125 0.19609375
1 0.6875 0.40625 0.028125 0.02890625
1 0.9234375 0.41875 0.028125 0.0375
0 0.47734375 0.76640625 0.3578125 0.45
1 0.653125 0.4 0.034375 0.025
1 0.88203125 0.37734375 0.02578125 0.02890625
1 0.66328125 0.36015625 0.01953125 0.02109375
1 0.44765625 0.4875 0.059375 0.05859375
1 0.92578125 0.3625 0.02265625 0.025
0 0.80546875 0.4078125 0.071875 0.09921875
1 0.12578125 0.71953125 0.17578125 0.203125
0 0.71015625 0.3640625 0.04921875 0.05625