1 0.81640625 0.56875 0.065625 0.07890625
1 0.91171875 0.57734375 0.0625 0.07890625
1 0.8453125 0.47890625 0.04296875 0.05
1 0.921875 0.4375 0.03671875 0.04140625
1 0.77109375 0.71015625 0.09921875 0.12890625
1 0.28984375 0.5375 0.08515625 0.06640625
1 0.85234375 0.37109375 0.02265625 0.025
1 0.88046875 0.4 0.028125 0.03359375
1 0.65078125 0.40859375 0.034375 0.03359375
1 0.80234375 0.375 0.02578125 0.025
1 0.92890625 0.3875 0.02265625 0.025
1 0.86328125 0.43984375 0.034375 0.0375
1 0.77109375 0.40625 0.03125 0.0375
1 0.71875 0.35234375 0.02265625 0.02109375
1 0.8265625 0.35390625 0.02265625 0.025
0 0.71484375 0.50234375 0.11640625 0.17890625
1 0.690625 0.375 0.028125 0.025
0 0.496875 0.44375 0.11953125 0.12890625
1 0.76171875 0.33984375 0.0171875 0.02109375
1 0.89921875 0.35625 0.01953125 0.02890625
0 0.42265625 0.71484375 0.15546875 0.18828125
0 0.2796875 0.90390625 0.35546875 0.19140625