1 0.578125 0.57890625 0.0765625 0.08359375
1 0.50859375 0.42265625 0.03984375 0.0375
1 0.2515625 0.57734375 0.10546875 0.07890625
1 0.86484375 0.90390625 0.121875 0.18359375
1 0.80234375 0.5875 0.07109375 0.09140625
1 0.6859375 0.37890625 0.03125 0.025
1 0.72734375 0.825 0.125 0.175
1 0.925 0.38125 0.02578125 0.02890625
1 0.60390625 0.42265625 0.03671875 0.02890625
1 0.76953125 0.68125 0.08515625 0.1125
1 0.8296875 0.52265625 0.05703125 0.0625
1 0.63671875 0.375 0.028125 0.025
1 0.85234375 0.475 0.0453125 0.05
1 0.5953125 0.46015625 0.05390625 0.04609375
1 0.9203125 0.43359375 0.034375 0.04140625
1 0.7171875 0.35390625 0.02578125 0.01640625
1 0.92734375 0.36015625 0.01953125 0.02109375
1 0.89609375 0.34375 0.01953125 0.02109375
0 0.7796875 0.428125 0.06640625 0.11328125
0 0.85078125 0.3546875 0.03828125 0.07734375
0 0.865625 0.403125 0.059375 0.10625