1 0.2625 0.87734375 0.20703125 0.1875
1 0.91796875 0.48125 0.0453125 0.0625
1 0.5328125 0.43515625 0.04296875 0.0375
1 0.16171875 0.55625 0.096875 0.07109375
1 0.2640625 0.58359375 0.10234375 0.08359375
1 0.8265625 0.53359375 0.05703125 0.075
1 0.925 0.39140625 0.02578125 0.03359375
1 0.64921875 0.525 0.065625 0.06640625
1 0.46015625 0.48984375 0.0625 0.0625
1 0.421875 0.45625 0.0484375 0.04609375
1 0.64921875 0.36640625 0.02578125 0.025
1 0.8625 0.45390625 0.03671875 0.05
1 0.61328125 0.41875 0.034375 0.0375
1 0.8765625 0.39375 0.03125 0.0375
0 0.72421875 0.73359375 0.1875 0.33359375
1 0.8921875 0.69609375 0.090625 0.13359375
1 0.80859375 0.36640625 0.01953125 0.025
0 0.57421875 0.39609375 0.034375 0.03359375
1 0.74609375 0.34140625 0.01953125 0.01640625
1 0.8921875 0.35859375 0.02265625 0.025
1 0.72890625 0.37890625 0.02578125 0.025
0 0.5 0.77109375 0.1875 0.24140625
0 0.775 0.3984375 0.03046875 0.05625