1 0.69921875 0.90390625 0.1546875 0.17578125
0 0.13671875 0.61484375 0.27265625 0.2875
0 0.3765625 0.475 0.1109375 0.10859375
1 0.4890625 0.66640625 0.11953125 0.11640625
1 0.43671875 0.55 0.08125 0.08125
0 0.4578125 0.46953125 0.06953125 0.08359375
1 0.5515625 0.4484375 0.04921875 0.05
1 0.6171875 0.44609375 0.04453125 0.05
1 0.76796875 0.74453125 0.12265625 0.12734375
1 0.77578125 0.63984375 0.090625 0.090625
1 0.91484375 0.6296875 0.08359375 0.115625
1 0.8046875 0.57890625 0.0625 0.075
1 0.83984375 0.54296875 0.0578125 0.0671875
1 0.92109375 0.5234375 0.06171875 0.06484375
1 0.8375 0.496875 0.05546875 0.0546875
1 0.77109375 0.46796875 0.05 0.05234375
1 0.73125 0.43671875 0.03828125 0.05
1 0.92578125 0.46328125 0.04375 0.03203125
1 0.84453125 0.4609375 0.04765625 0.03671875