1 0.4984375 0.475 0.0671875 0.06328125
0 0.6671875 0.82421875 0.2546875 0.35078125
0 0.59609375 0.65625 0.20859375 0.2703125
1 0.90390625 0.71875 0.09375 0.12890625
1 0.04609375 0.6375 0.0890625 0.1171875
1 0.3640625 0.5125 0.08125 0.075
1 0.51484375 0.62578125 0.06953125 0.09453125
1 0.7828125 0.6328125 0.065625 0.10390625
1 0.8078125 0.56796875 0.0625 0.0796875
1 0.8359375 0.51640625 0.06171875 0.0796875
1 0.9203125 0.48046875 0.0484375 0.071875
1 0.8484375 0.46796875 0.05625 0.06015625
1 0.80859375 0.409375 0.03984375 0.0453125
1 0.9234375 0.428125 0.034375 0.04140625
1 0.584375 0.40078125 0.04921875 0.05078125
1 0.62734375 0.43671875 0.0453125 0.0453125