1 0.88046875 0.86875 0.125 0.19609375
1 0.1890625 0.575 0.1109375 0.08359375
1 0.76875 0.40859375 0.03671875 0.03359375
1 0.765625 0.66640625 0.09375 0.11640625
1 0.9046875 0.61640625 0.0765625 0.1
1 0.82421875 0.56484375 0.0625 0.07109375
1 0.47734375 0.52734375 0.07421875 0.07109375
1 0.684375 0.8875 0.14765625 0.2
1 0.91640625 0.5125 0.05390625 0.05859375
1 0.9203125 0.44765625 0.03984375 0.04609375
1 0.87890625 0.3875 0.02578125 0.025
1 0.578125 0.4125 0.03671875 0.03359375
1 0.8296875 0.39140625 0.02265625 0.025
1 0.84765625 0.36484375 0.01953125 0.02109375
1 0.9234375 0.39375 0.028125 0.0375
1 0.89453125 0.36484375 0.02265625 0.02109375
1 0.92734375 0.35625 0.01953125 0.02109375
0 0.684375 0.37734375 0.028125 0.0375
0 0.8453125 0.4625 0.065625 0.11640625
1 0.59921875 0.39140625 0.028125 0.025
1 0.86953125 0.41640625 0.034375 0.04140625
1 0.82265625 0.35625 0.01953125 0.02109375
1 0.12734375 0.5734375 0.10625 0.08515625