1 0.91171875 0.56640625 0.0625 0.075
1 0.825 0.55625 0.065625 0.07890625
1 0.69453125 0.475 0.0484375 0.05
1 0.78515625 0.65234375 0.08828125 0.10390625
1 0.49453125 0.44609375 0.05078125 0.04140625
1 0.921875 0.45390625 0.04296875 0.04140625
1 0.66796875 0.35859375 0.02265625 0.025
0 0.41875 0.77265625 0.40078125 0.44609375
1 0.85546875 0.47890625 0.0453125 0.05859375
1 0.26953125 0.5125 0.07421875 0.05859375
1 0.72578125 0.36015625 0.01953125 0.02109375
1 0.6859375 0.36640625 0.01953125 0.025
1 0.68046875 0.89140625 0.14453125 0.2
1 0.60546875 0.39765625 0.034375 0.02890625
1 0.83515625 0.37890625 0.02265625 0.03359375
1 0.703125 0.34765625 0.01953125 0.02109375
1 0.88046875 0.375 0.02265625 0.025
1 0.859375 0.35234375 0.01953125 0.02109375
0 0.7765625 0.4390625 0.1 0.15546875
0 0.0984375 0.64375 0.196875 0.25625