1 0.625 0.92265625 0.17578125 0.14609375
1 0.465625 0.48125 0.0625 0.05390625
1 0.8578125 0.43359375 0.034375 0.04140625
1 0.8 0.60625 0.07109375 0.0875
1 0.8140625 0.53125 0.059375 0.07109375
1 0.67890625 0.37109375 0.028125 0.025
1 0.471875 0.43515625 0.0453125 0.04609375
1 0.74609375 0.71484375 0.10546875 0.12890625
1 0.77421875 0.46484375 0.04296875 0.05390625
1 0.05703125 0.69375 0.11328125 0.12890625
1 0.53828125 0.48984375 0.05390625 0.05390625
1 0.53125 0.60234375 0.0453125 0.0875
1 0.74609375 0.36640625 0.03125 0.025
1 0.925 0.41484375 0.03125 0.0375
1 0.90625 0.5875 0.07421875 0.09140625
0 0.83515625 0.36640625 0.05078125 0.075
0 0.88203125 0.37890625 0.04296875 0.075
0 0.63046875 0.5875 0.1703125 0.25859375
0 0.7953125 0.37109375 0.028125 0.05
0 0.63671875 0.4125 0.05703125 0.075
0 0.89609375 0.33515625 0.02578125 0.04609375