1 0.54140625 0.61640625 0.08828125 0.08359375
1 0.91015625 0.52109375 0.05390625 0.06640625
1 0.80859375 0.58125 0.065625 0.07890625
1 0.68359375 0.88984375 0.14453125 0.1875
1 0.859375 0.4375 0.03125 0.04140625
1 0.5640625 0.47265625 0.0484375 0.05390625
1 0.86953125 0.96640625 0.16484375 0.05859375
1 0.9234375 0.38984375 0.028125 0.02890625
1 0.83125 0.50859375 0.05390625 0.05859375
1 0.8765625 0.39375 0.02578125 0.02890625
1 0.71171875 0.45625 0.04296875 0.04609375
1 0.7 0.39609375 0.02578125 0.025
1 0.72578125 0.3625 0.01953125 0.01640625
1 0.89921875 0.34609375 0.01953125 0.025
0 0.6734375 0.38125 0.028125 0.0375
1 0.08359375 0.7203125 0.1671875 0.209375
0 0.72421875 0.4921875 0.13671875 0.20703125
1 0.06328125 0.66484375 0.1265625 0.1046875
1 0.521875 0.7859375 0.14296875 0.17265625