1 0.44140625 0.46171875 0.05859375 0.08515625
0 0.41015625 0.7375 0.1390625 0.13359375
0 0.5 0.46875 0.06796875 0.07109375
0 0.9078125 0.25390625 0.09921875 0.05
0 0.234375 0.5609375 0.10078125 0.1
0 0.65625 0.909375 0.1734375 0.18046875
1 0.775 0.65546875 0.09140625 0.1203125
1 0.696875 0.56875 0.06484375 0.09140625
1 0.6671875 0.503125 0.0625 0.08125
1 0.83046875 0.49921875 0.05390625 0.0625
1 0.903125 0.57578125 0.06328125 0.08671875
1 0.921875 0.4703125 0.04453125 0.05703125
1 0.80859375 0.3765625 0.0421875 0.040625
1 0.86171875 0.45625 0.034375 0.04609375
1 0.92734375 0.40703125 0.04375 0.0390625
1 0.60390625 0.40546875 0.04375 0.03671875
1 0.66953125 0.39609375 0.0421875 0.028125