0 0.909375 0.25859375 0.090625 0.03359375
1 0.5453125 0.60625 0.090625 0.09609375
1 0.17734375 0.67890625 0.15078125 0.13359375
1 0.903125 0.64765625 0.08515625 0.1125
1 0.5 0.44375 0.05078125 0.04609375
0 0.58125 0.41015625 0.08203125 0.10390625
1 0.68046875 0.37109375 0.02578125 0.025
1 0.8 0.58359375 0.07109375 0.09140625
1 0.64765625 0.39375 0.028125 0.02890625
1 0.64609375 0.36875 0.02578125 0.02109375
1 0.640625 0.92890625 0.16796875 0.13359375
1 0.91640625 0.45859375 0.04296875 0.04140625
1 0.84375 0.46640625 0.0453125 0.05
1 0.92578125 0.36640625 0.02265625 0.03359375
1 0.83984375 0.38125 0.02578125 0.02890625
1 0.86796875 0.42265625 0.03671875 0.0375
1 0.66328125 0.42109375 0.03671875 0.04140625
1 0.71484375 0.34609375 0.01953125 0.01640625
1 0.8765625 0.39609375 0.03125 0.03359375
1 0.8875 0.37265625 0.02578125 0.02890625
1 0.8609375 0.34765625 0.0171875 0.02109375
0 0.24453125 0.86015625 0.4890625 0.2796875
0 0.8046875 0.41640625 0.04921875 0.06015625