1 0.89453125 0.65859375 0.08515625 0.11640625
1 0.7046875 0.55625 0.06796875 0.07890625
1 0.69609375 0.825 0.11953125 0.15859375
1 0.753125 0.69375 0.096875 0.12109375
1 0.69765625 0.46875 0.0484375 0.04609375
1 0.91484375 0.45859375 0.03984375 0.05
1 0.82265625 0.52265625 0.059375 0.07109375
1 0.9234375 0.40234375 0.028125 0.02890625
1 0.3109375 0.53125 0.0765625 0.0625
1 0.80078125 0.42265625 0.034375 0.0375
1 0.23984375 0.8875 0.2015625 0.18359375
1 0.93046875 0.36640625 0.01953125 0.025
1 0.7953125 0.59609375 0.06796875 0.09140625
1 0.51953125 0.80234375 0.14765625 0.1625
1 0.5765625 0.46484375 0.05703125 0.05390625
1 0.875 0.39765625 0.028125 0.02890625
1 0.66875 0.36015625 0.02578125 0.02109375
1 0.80703125 0.375 0.02265625 0.025
1 0.69296875 0.36484375 0.02265625 0.02109375
1 0.7046875 0.34765625 0.0171875 0.02109375
1 0.6234375 0.97109375 0.16796875 0.05
1 0.715625 0.38359375 0.02265625 0.025
1 0.75859375 0.32890625 0.0171875 0.01640625
1 0.77578125 0.33515625 0.0171875 0.02109375
0 0.85078125 0.35390625 0.03125 0.06640625
0 0.5640625 0.42109375 0.09375 0.115625
0 0.85625 0.43125 0.04609375 0.084375