1 0.9046875 0.62109375 0.07109375 0.09140625
1 0.85234375 0.46640625 0.0453125 0.05859375
1 0.703125 0.80859375 0.121875 0.15859375
1 0.80390625 0.58515625 0.07421875 0.0875
1 0.63671875 0.62890625 0.08515625 0.09140625
0 0.1265625 0.60390625 0.253125 0.23359375
1 0.390625 0.49140625 0.059375 0.05
1 0.5625 0.41640625 0.0453125 0.04140625
1 0.87109375 0.41484375 0.03125 0.0375
0 0.7640625 0.45 0.08515625 0.13359375
1 0.58828125 0.46015625 0.05078125 0.04609375
1 0.88359375 0.38125 0.02265625 0.02890625
1 0.64921875 0.40234375 0.03125 0.02890625
1 0.66328125 0.37734375 0.02578125 0.02109375
1 0.8921875 0.35625 0.0171875 0.02109375
0 0.7203125 0.35625 0.0484375 0.05390625
1 0.8578125 0.35234375 0.0171875 0.02109375
0 0.92734375 0.39375 0.03671875 0.05390625
0 0.8265625 0.37109375 0.0453125 0.075
0 0.9234375 0.47109375 0.05078125 0.075
0 0.14609375 0.890625 0.2921875 0.209375