1 0.82421875 0.52890625 0.05703125 0.06640625
1 0.6390625 0.91875 0.18203125 0.15390625
1 0.77421875 0.4 0.03671875 0.03359375
1 0.7046875 0.56640625 0.07421875 0.075
1 0.54140625 0.61875 0.08828125 0.0875
1 0.9078125 0.55859375 0.065625 0.08359375
1 0.44765625 0.46484375 0.05390625 0.05390625
1 0.5328125 0.775 0.13359375 0.15
1 0.66171875 0.50234375 0.05703125 0.0625
1 0.2515625 0.58984375 0.1109375 0.09609375
1 0.871875 0.4125 0.034375 0.03359375
1 0.85234375 0.46875 0.03984375 0.04609375
1 0.80078125 0.43359375 0.034375 0.03359375
0 0.58125 0.4125 0.1109375 0.1
1 0.88046875 0.3875 0.028125 0.025
1 0.9234375 0.43515625 0.034375 0.04609375
1 0.828125 0.39609375 0.03125 0.03359375
1 0.02578125 0.61875 0.05078125 0.07890625
1 0.7015625 0.35859375 0.02265625 0.025
1 0.81796875 0.35859375 0.02265625 0.025
1 0.72421875 0.36484375 0.02265625 0.02109375
1 0.74140625 0.34140625 0.0171875 0.01640625
1 0.7515625 0.3625 0.01953125 0.01640625
1 0.7046875 0.39140625 0.02265625 0.025