1 0.58671875 0.69765625 0.10546875 0.12109375
1 0.80078125 0.42734375 0.034375 0.0375
1 0.77265625 0.6375 0.08515625 0.1
1 0.43203125 0.54765625 0.07421875 0.07109375
1 0.63046875 0.4375 0.03984375 0.04140625
1 0.609375 0.9625 0.16171875 0.06640625
1 0.8421875 0.49140625 0.05390625 0.06640625
1 0.86328125 0.42265625 0.028125 0.0375
1 0.7328125 0.44140625 0.03984375 0.04140625
1 0.20859375 0.60859375 0.121875 0.1
1 0.8765625 0.39375 0.03125 0.02890625
1 0.25546875 0.54375 0.08515625 0.07109375
0 0.63203125 0.38515625 0.03125 0.0375
1 0.534375 0.45234375 0.0453125 0.04609375
1 0.83125 0.35 0.01953125 0.025
1 0.809375 0.37265625 0.02265625 0.02890625
1 0.7796875 0.325 0.0140625 0.01640625
1 0.8921875 0.3625 0.02265625 0.025
1 0.7203125 0.35 0.01953125 0.025
1 0.75546875 0.34140625 0.0171875 0.01640625
0 0.675 0.3625 0.02578125 0.025
1 0.84375 0.33984375 0.0171875 0.02109375
0 0.68203125 0.39375 0.034375 0.0375