1 0.703125 0.47109375 0.0484375 0.05
1 0.60078125 0.40859375 0.03671875 0.03359375
1 0.91875 0.46640625 0.04296875 0.05
1 0.52265625 0.43984375 0.0453125 0.0375
1 0.54140625 0.74375 0.1109375 0.1375
1 0.39921875 0.4875 0.065625 0.05859375
1 0.8109375 0.41484375 0.03125 0.0375
1 0.65234375 0.42109375 0.03671875 0.03359375
1 0.8421875 0.47265625 0.04296875 0.0625
1 0.9234375 0.39609375 0.028125 0.03359375
1 0.08359375 0.61484375 0.13359375 0.09609375
1 0.8765625 0.39140625 0.03125 0.03359375
1 0.796875 0.37734375 0.02578125 0.02890625
1 0.88046875 0.83125 0.11953125 0.17890625
1 0.68203125 0.38515625 0.028125 0.02890625
1 0.42578125 0.73359375 0.125 0.125
0 0.840625 0.35859375 0.034375 0.05859375
0 0.76953125 0.32890625 0.028125 0.04140625
0 0.6484375 0.78125 0.325 0.42890625