1 0.8859375 0.83671875 0.1265625 0.19375
0 0.728125 0.47734375 0.1078125 0.15859375
1 0.0859375 0.74375 0.17109375 0.14921875
1 0.2140625 0.5671875 0.109375 0.10625
1 0.453125 0.48984375 0.05703125 0.06328125
1 0.49140625 0.515625 0.06484375 0.07265625
1 0.7234375 0.7671875 0.1140625 0.15078125
1 0.6484375 0.521875 0.06328125 0.090625
1 0.815625 0.57734375 0.078125 0.09453125
1 0.9140625 0.50234375 0.05390625 0.07421875
1 0.84921875 0.51875 0.06015625 0.0703125
1 0.84453125 0.4765625 0.0546875 0.06796875
0 0.934375 0.42890625 0.0546875 0.075
1 0.56171875 0.4015625 0.034375 0.04375
0 0.6359375 0.39921875 0.03671875 0.053125
1 0.6609375 0.41171875 0.02421875 0.03671875