1 0.30078125 0.52734375 0.08515625 0.07109375
1 0.86796875 0.9625 0.15625 0.06640625
1 0.484375 0.65234375 0.1109375 0.10390625
1 0.37890625 0.475 0.065625 0.05
1 0.68359375 0.48125 0.05390625 0.05390625
1 0.0609375 0.59375 0.121875 0.07890625
1 0.8453125 0.46875 0.03671875 0.04609375
1 0.57265625 0.46875 0.05390625 0.05390625
1 0.83203125 0.38515625 0.028125 0.02890625
1 0.66796875 0.59765625 0.0625 0.07890625
1 0.875 0.4 0.028125 0.04140625
0 0.75390625 0.65625 0.1734375 0.32109375
1 0.8125 0.4125 0.028125 0.03359375
1 0.7796875 0.39609375 0.03125 0.03359375
1 0.7640625 0.42109375 0.028125 0.03359375
1 0.72578125 0.36484375 0.01953125 0.02109375
1 0.7671875 0.47890625 0.05078125 0.05
1 0.74453125 0.36484375 0.02265625 0.02109375
1 0.5171875 0.41640625 0.03984375 0.03359375
0 0.62109375 0.4078125 0.0671875 0.0640625