1 0.89609375 0.70390625 0.08828125 0.11640625
1 0.75 0.71484375 0.10234375 0.12890625
1 0.7515625 0.41875 0.03671875 0.0375
1 0.5015625 0.44375 0.0484375 0.04609375
1 0.246875 0.51875 0.08515625 0.07109375
1 0.91484375 0.49765625 0.05078125 0.0625
1 0.703125 0.47265625 0.0484375 0.04609375
1 0.73828125 0.35625 0.02265625 0.02109375
1 0.82421875 0.41015625 0.034375 0.0375
1 0.69140625 0.37734375 0.02578125 0.02890625
1 0.925 0.37734375 0.02578125 0.02890625
1 0.121875 0.63125 0.13046875 0.1125
1 0.61953125 0.41484375 0.034375 0.04609375
1 0.66875 0.3625 0.01953125 0.025
1 0.690625 0.35625 0.02265625 0.02109375
1 0.77578125 0.32890625 0.0171875 0.01640625
1 0.71484375 0.34609375 0.01953125 0.01640625
1 0.89921875 0.33984375 0.01953125 0.02109375
1 0.92890625 0.33984375 0.0171875 0.02109375
1 0.76171875 0.32265625 0.01171875 0.0125
0 0.86953125 0.40859375 0.05703125 0.1