1 0.80546875 0.42265625 0.03125 0.02890625
1 0.68203125 0.35234375 0.02265625 0.02109375
1 0.72578125 0.35234375 0.01953125 0.02109375
1 0.83828125 0.50390625 0.05078125 0.05859375
1 0.90625 0.64609375 0.0796875 0.10859375
1 0.503125 0.41875 0.0453125 0.0375
1 0.328125 0.6 0.10546875 0.09140625
1 0.80390625 0.36875 0.02265625 0.02890625
1 0.91171875 0.5 0.05078125 0.06640625
1 0.6578125 0.51015625 0.05390625 0.05390625
1 0.66328125 0.96015625 0.15625 0.07109375
1 0.86328125 0.45390625 0.03984375 0.05
1 0.93046875 0.36640625 0.02578125 0.03359375
1 0.38671875 0.925 0.221875 0.14140625
1 0.8125 0.56875 0.06796875 0.07890625
1 0.840625 0.375 0.02265625 0.025
1 0.86796875 0.41875 0.03125 0.0375
1 0.72265625 0.54375 0.065625 0.0625
0 0.73125 0.70859375 0.16171875 0.3
1 0.83203125 0.35234375 0.02265625 0.02109375
0 0.64296875 0.37890625 0.046875 0.059375
1 0.02578125 0.6625 0.05078125 0.25859375
0 0.8859375 0.36796875 0.04609375 0.06796875