1 0.88359375 0.6875 0.08515625 0.11640625
1 0.91875 0.43984375 0.03671875 0.04609375
1 0.671875 0.9 0.1390625 0.18359375
1 0.7953125 0.58984375 0.07421875 0.09609375
1 0.8625 0.41875 0.03125 0.0375
1 0.721875 0.35234375 0.02265625 0.02109375
1 0.6875 0.37265625 0.02265625 0.02109375
1 0.8453125 0.45390625 0.03671875 0.05
1 0.45703125 0.49765625 0.06796875 0.05390625
1 0.63203125 0.3875 0.03125 0.025
1 0.88046875 0.39375 0.028125 0.02890625
1 0.925 0.38984375 0.02578125 0.02890625
1 0.703125 0.45859375 0.03125 0.05
1 0.66328125 0.39140625 0.03125 0.03359375
0 0.8625 0.33515625 0.03125 0.04609375
0 0.75859375 0.46015625 0.08515625 0.12890625
1 0.76171875 0.325 0.0171875 0.01640625
1 0.7671875 0.35390625 0.0171875 0.01640625
1 0.43046875 0.47890625 0.0515625 0.05234375
1 0.4625 0.44375 0.04609375 0.0390625
0 0.82421875 0.39453125 0.05703125 0.0859375