1 0.69921875 0.82109375 0.128125 0.16796875
0 0.77578125 0.43984375 0.090625 0.1375
1 0.88515625 0.84453125 0.12265625 0.18828125
1 0.3640625 0.7875 0.15703125 0.16328125
1 0.35078125 0.51171875 0.0765625 0.07421875
1 0.61171875 0.5671875 0.07421875 0.08359375
1 0.1703125 0.64296875 0.1359375 0.128125
1 0.5859375 0.409375 0.0546875 0.0453125
1 0.82265625 0.55390625 0.0578125 0.0890625
1 0.915625 0.54609375 0.06640625 0.08359375
1 0.84765625 0.46328125 0.046875 0.06171875
1 0.725 0.44375 0.04296875 0.059375
1 0.859375 0.4328125 0.0328125 0.04609375
1 0.925 0.43515625 0.04453125 0.04609375