0 0.56953125 0.4421875 0.14296875 0.075
1 0.72734375 0.44375 0.0453125 0.04609375
1 0.69140625 0.57265625 0.07109375 0.07890625
1 0.58125 0.575 0.0765625 0.08359375
1 0.91640625 0.46640625 0.04296875 0.05
1 0.35546875 0.48125 0.0625 0.05390625
1 0.80234375 0.37734375 0.02578125 0.02890625
1 0.09921875 0.57734375 0.11328125 0.07890625
1 0.78671875 0.44609375 0.03984375 0.04140625
1 0.86484375 0.43125 0.03671875 0.0375
1 0.89765625 0.6375 0.07421875 0.1
1 0.878125 0.39609375 0.028125 0.03359375
1 0.92734375 0.4125 0.03671875 0.03359375
1 0.8421875 0.47265625 0.04296875 0.05390625
1 0.325 0.82265625 0.16171875 0.15390625
1 0.45703125 0.46640625 0.05703125 0.05
1 0.77421875 0.66640625 0.08828125 0.10859375
1 0.653125 0.36484375 0.02265625 0.02109375
1 0.92734375 0.36640625 0.02578125 0.025
0 0.7359375 0.34140625 0.02265625 0.025
1 0.7640625 0.32890625 0.0171875 0.01640625