0 0.83671875 0.47734375 0.08203125 0.12890625
0 0.55078125 0.68359375 0.2671875 0.375
1 0.8640625 0.9125 0.15078125 0.16640625
1 0.89765625 0.59140625 0.06796875 0.09140625
1 0.12109375 0.57890625 0.11953125 0.09375
1 0.91875 0.471875 0.0484375 0.05546875
1 0.9265625 0.41640625 0.04140625 0.040625
1 0.76875 0.40390625 0.03828125 0.053125
1 0.55703125 0.4765625 0.06953125 0.06015625
1 0.38046875 0.52890625 0.08828125 0.0765625
1 0.3671875 0.47421875 0.07734375 0.059375
1 0.5265625 0.43203125 0.03984375 0.05
1 0.5921875 0.43046875 0.04765625 0.03671875
1 0.57578125 0.396875 0.03125 0.03046875