1 0.5453125 0.6125 0.090625 0.09140625
1 0.11953125 0.57109375 0.096875 0.075
1 0.7640625 0.65390625 0.08515625 0.1
1 0.41796875 0.48359375 0.05703125 0.05
1 0.48828125 0.5125 0.0625 0.06640625
1 0.68046875 0.5 0.05390625 0.05859375
1 0.828125 0.50390625 0.05390625 0.05859375
1 0.69296875 0.86640625 0.13046875 0.175
1 0.56796875 0.44140625 0.0453125 0.04140625
1 0.796875 0.38125 0.02578125 0.02109375
1 0.85078125 0.46015625 0.03671875 0.04609375
1 0.57421875 0.39765625 0.034375 0.02890625
1 0.50703125 0.44375 0.0484375 0.0375
1 0.86796875 0.42734375 0.03125 0.02890625
1 0.88359375 0.40390625 0.02265625 0.025
1 0.72890625 0.36484375 0.01953125 0.02109375
1 0.7015625 0.35234375 0.02265625 0.02109375
1 0.828125 0.35234375 0.01953125 0.02109375
1 0.93046875 0.40390625 0.03125 0.03359375
1 0.9234375 0.37109375 0.02265625 0.025
1 0.85546875 0.35859375 0.02265625 0.025