0 0.04296875 0.6 0.08515625 0.2
0 0.784375 0.43515625 0.0796875 0.12109375
1 0.9 0.646875 0.08515625 0.12109375
1 0.83046875 0.55 0.05625 0.06328125
1 0.625 0.5515625 0.06953125 0.08125
1 0.48359375 0.51796875 0.065625 0.0703125
0 0.3734375 0.49453125 0.065625 0.07890625
1 0.2109375 0.534375 0.0859375 0.07109375
1 0.709375 0.4609375 0.05 0.05859375
1 0.859375 0.46328125 0.046875 0.05
1 0.92421875 0.4578125 0.04921875 0.0484375
1 0.87265625 0.40859375 0.0359375 0.04921875
1 0.92734375 0.39453125 0.0296875 0.0328125
1 0.58515625 0.4578125 0.05078125 0.0484375