1 0.66171875 0.50234375 0.05703125 0.05390625
1 0.5 0.64765625 0.10234375 0.10390625
1 0.3140625 0.52734375 0.08203125 0.0625
1 0.80859375 0.6 0.07109375 0.08359375
1 0.89609375 0.63515625 0.0765625 0.09609375
1 0.171875 0.55 0.09375 0.06640625
1 0.63046875 0.43515625 0.03984375 0.04609375
1 0.4828125 0.46015625 0.05078125 0.04609375
1 0.43203125 0.50625 0.06796875 0.0625
1 0.6703125 0.37265625 0.028125 0.02890625
1 0.66875 0.91015625 0.15078125 0.17109375
1 0.74296875 0.35390625 0.01953125 0.01640625
1 0.58359375 0.39375 0.03125 0.02890625
1 0.8109375 0.40859375 0.03125 0.03359375
1 0.7796875 0.46015625 0.03671875 0.04609375
1 0.63203125 0.63515625 0.10546875 0.12890625
1 0.83828125 0.38125 0.02265625 0.02109375
1 0.7171875 0.35 0.0140625 0.01640625
1 0.87890625 0.3875 0.02578125 0.025
1 0.83828125 0.49609375 0.0453125 0.04140625
1 0.80078125 0.37734375 0.02265625 0.02890625
1 0.9203125 0.43125 0.028125 0.0375
1 0.57109375 0.41875 0.03984375 0.02890625
1 0.86484375 0.42734375 0.03125 0.02890625
1 0.85546875 0.45390625 0.028125 0.04140625
1 0.81640625 0.3625 0.01953125 0.025
1 0.925 0.39375 0.02578125 0.02890625
0 0.85625 0.3453125 0.0296875 0.05390625