1 0.69765625 0.55 0.07109375 0.075
1 0.690625 0.86015625 0.13671875 0.17890625
1 0.73125 0.35625 0.01953125 0.02109375
1 0.41484375 0.55390625 0.0796875 0.075
1 0.17734375 0.575 0.09921875 0.08359375
1 0.7625 0.4125 0.03125 0.03359375
1 0.83203125 0.38984375 0.028125 0.02890625
1 0.6078125 0.42109375 0.034375 0.03359375
1 0.8296875 0.49609375 0.05703125 0.06640625
1 0.809375 0.56484375 0.06796875 0.07890625
1 0.88515625 0.38125 0.02578125 0.02890625
1 0.91640625 0.45234375 0.04296875 0.04609375
1 0.64765625 0.36875 0.02265625 0.02109375
1 0.80703125 0.36484375 0.02265625 0.02890625
1 0.7640625 0.3375 0.0171875 0.01640625
1 0.69921875 0.35 0.0171875 0.01640625
1 0.7375 0.33359375 0.0140625 0.01640625
1 0.859375 0.35390625 0.02578125 0.03359375
0 0.92734375 0.35234375 0.01953125 0.0375
0 0.80546875 0.30390625 0.01953125 0.025
0 0.84375 0.28984375 0.0171875 0.02109375