1 0.04296875 0.63984375 0.08515625 0.10390625
1 0.38359375 0.575 0.090625 0.08359375
1 0.8453125 0.6875 0.08828125 0.125
1 0.84375 0.49609375 0.05078125 0.05859375
1 0.53984375 0.4125 0.034375 0.03359375
1 0.69921875 0.8625 0.125 0.16640625
1 0.69609375 0.3625 0.02265625 0.025
1 0.78515625 0.45234375 0.04296875 0.04609375
1 0.7046875 0.46875 0.05078125 0.05390625
1 0.6546875 0.36640625 0.02578125 0.025
1 0.9234375 0.3875 0.02265625 0.03359375
1 0.61953125 0.39140625 0.034375 0.03359375
1 0.734375 0.34375 0.01953125 0.02109375
1 0.83359375 0.38125 0.03125 0.0375
1 0.92578125 0.35390625 0.02265625 0.025
1 0.77109375 0.33984375 0.01953125 0.02109375
0 0.8609375 0.33984375 0.028125 0.04609375
0 0.8578125 0.41875 0.03984375 0.07109375
1 0.75 0.33125 0.0171875 0.02109375
0 0.58515625 0.434375 0.053125 0.06171875