1 0.7671875 0.65234375 0.08515625 0.09609375
1 0.7640625 0.40390625 0.028125 0.03359375
1 0.846875 0.46640625 0.05078125 0.05859375
1 0.91015625 0.51484375 0.05390625 0.0625
1 0.6546875 0.9125 0.15625 0.16640625
1 0.72890625 0.53359375 0.059375 0.05859375
0 0.89375 0.75234375 0.09921875 0.1375
1 0.5171875 0.48984375 0.0625 0.0625
0 0.1875 0.5375 0.26171875 0.2
1 0.9203125 0.42734375 0.034375 0.04609375
1 0.75390625 0.34609375 0.0140625 0.01640625
1 0.62890625 0.52421875 0.08125 0.10390625
1 0.66796875 0.3859375 0.0390625 0.05859375
0 0.83046875 0.3734375 0.05078125 0.096875
0 0.875 0.3984375 0.0484375 0.08515625