1 0.77578125 0.68515625 0.08515625 0.1125
1 0.91796875 0.51640625 0.05078125 0.06640625
1 0.64375 0.51875 0.059375 0.07109375
1 0.60078125 0.67265625 0.10546875 0.12109375
1 0.80703125 0.57109375 0.0625 0.075
1 0.809375 0.42265625 0.034375 0.0375
1 0.83515625 0.49609375 0.05078125 0.06640625
1 0.72265625 0.52734375 0.059375 0.07109375
1 0.55703125 0.40234375 0.034375 0.02890625
1 0.61640625 0.39609375 0.034375 0.03359375
1 0.50859375 0.46875 0.05078125 0.04609375
1 0.64375 0.36875 0.02578125 0.02109375
1 0.81796875 0.36640625 0.02265625 0.025
1 0.57421875 0.46484375 0.0453125 0.05390625
1 0.71484375 0.38515625 0.02578125 0.02109375
1 0.30703125 0.52890625 0.0796875 0.05859375
1 0.92578125 0.39375 0.028125 0.0375
0 0.45703125 0.45 0.06796875 0.08359375
1 0.08671875 0.73984375 0.1734375 0.1625
1 0.66796875 0.39140625 0.028125 0.03359375
1 0.69296875 0.36484375 0.02265625 0.02109375
1 0.859375 0.43125 0.03671875 0.04609375
0 0.74609375 0.42109375 0.05078125 0.0546875