1 0.64765625 0.51640625 0.0625 0.06640625
1 0.0921875 0.5875 0.121875 0.075
1 0.19140625 0.575 0.10546875 0.08359375
1 0.7953125 0.61015625 0.07421875 0.0875
1 0.39375 0.46015625 0.05390625 0.04609375
1 0.67578125 0.90859375 0.153125 0.175
1 0.8875 0.36015625 0.01953125 0.02109375
1 0.69140625 0.34765625 0.01953125 0.02109375
1 0.72890625 0.34765625 0.01953125 0.02109375
1 0.87890625 0.37890625 0.02578125 0.025
1 0.85078125 0.36015625 0.01953125 0.02109375
1 0.77734375 0.33515625 0.0140625 0.02109375
1 0.484375 0.44765625 0.05390625 0.05390625
1 0.8296875 0.50390625 0.05703125 0.06640625
0 0.86953125 0.42734375 0.0453125 0.05390625
1 0.8453125 0.33515625 0.0140625 0.02109375
1 0.86953125 0.3375 0.0171875 0.01640625
0 0.58359375 0.41015625 0.08828125 0.09609375
0 0.9171875 0.4671875 0.05390625 0.08359375
1 0.81484375 0.365625 0.01953125 0.03984375