0 0.71171875 0.50859375 0.121875 0.19140625
1 0.81015625 0.56640625 0.065625 0.075
1 0.884375 0.85234375 0.12421875 0.19921875
1 0.2078125 0.90703125 0.25078125 0.18515625
1 0.91484375 0.496875 0.05859375 0.0578125
1 0.228125 0.5359375 0.08984375 0.071875
1 0.92109375 0.43515625 0.04375 0.04140625
1 0.809375 0.43203125 0.04140625 0.034375
1 0.87109375 0.415625 0.03671875 0.04375
1 0.59609375 0.40625 0.0359375 0.0390625
1 0.646875 0.403125 0.03671875 0.04140625
1 0.76484375 0.40703125 0.03515625 0.03671875