1 0.58671875 0.575 0.08203125 0.075
1 0.73046875 0.44375 0.03984375 0.0375
1 0.71015625 0.80859375 0.13046875 0.16640625
1 0.66875 0.39375 0.03125 0.02890625
1 0.76875 0.47109375 0.0484375 0.05
1 0.74140625 0.35234375 0.02265625 0.02109375
1 0.91171875 0.52734375 0.05703125 0.07890625
0 0.6125 0.39140625 0.03671875 0.04140625
1 0.84375 0.37265625 0.02265625 0.02109375
1 0.92890625 0.36875 0.02265625 0.02890625
1 0.86328125 0.425 0.034375 0.04140625
1 0.83984375 0.47265625 0.04296875 0.05390625
1 0.871875 0.3375 0.0171875 0.01640625
1 0.8890625 0.37109375 0.02265625 0.025
1 0.72421875 0.34765625 0.02265625 0.02109375
1 0.44609375 0.46640625 0.05703125 0.05
1 0.89609375 0.34375 0.0140625 0.02109375
1 0.81953125 0.36484375 0.01953125 0.02109375
1 0.765625 0.33359375 0.01953125 0.025
1 0.81796875 0.53359375 0.06796875 0.06640625
0 0.81171875 0.59140625 0.09765625 0.140625