1 0.6890625 0.83984375 0.121875 0.1625
1 0.8421875 0.45390625 0.03671875 0.04140625
1 0.409375 0.46015625 0.05078125 0.04609375
1 0.89609375 0.60234375 0.065625 0.0875
1 0.8734375 0.90859375 0.14453125 0.175
1 0.56953125 0.4375 0.04296875 0.04140625
1 0.659375 0.42109375 0.034375 0.03359375
1 0.7953125 0.575 0.06796875 0.1
1 0.515625 0.43359375 0.04296875 0.05
1 0.86640625 0.42109375 0.034375 0.04140625
1 0.8875 0.36875 0.01953125 0.02109375
1 0.48828125 0.50625 0.0796875 0.07890625
1 0.6875 0.36875 0.02265625 0.02109375
1 0.90078125 0.33359375 0.0171875 0.025
1 0.85390625 0.33125 0.0140625 0.02109375
0 0.9234375 0.40859375 0.03984375 0.075
0 0.0640625 0.63984375 0.128125 0.25390625
0 0.73046875 0.43515625 0.05078125 0.0625
0 0.8875 0.30625 0.01953125 0.02890625