1 0.53515625 0.48984375 0.059375 0.05390625
1 0.60625 0.56015625 0.07109375 0.07109375
1 0.91015625 0.5875 0.065625 0.08359375
1 0.7484375 0.43359375 0.03671875 0.04140625
1 0.76875 0.72109375 0.09921875 0.125
1 0.78125 0.39765625 0.028125 0.02890625
1 0.4984375 0.44375 0.0484375 0.04609375
0 0.38359375 0.54609375 0.125 0.14140625
0 0.7640625 0.54140625 0.14765625 0.20859375
1 0.8140625 0.36875 0.02578125 0.02109375
1 0.61796875 0.39375 0.02578125 0.02890625
1 0.69765625 0.37265625 0.02578125 0.02109375
1 0.91484375 0.47265625 0.03984375 0.04609375
1 0.15625 0.56484375 0.10234375 0.09609375
1 0.69140625 0.35234375 0.01953125 0.02109375
1 0.85390625 0.45390625 0.03671875 0.04140625
0 0.21484375 0.88515625 0.42890625 0.22109375
1 0.92421875 0.4328125 0.040625 0.03515625
0 0.93359375 0.3859375 0.04609375 0.059375
0 0.88046875 0.40078125 0.05 0.06953125
0 0.6546875 0.3890625 0.04609375 0.07734375