0 0.4953125 0.95703125 0.32578125 0.08515625
1 0.6578125 0.89375 0.1421875 0.17578125
1 0.734375 0.72421875 0.1015625 0.134375
1 0.903125 0.6609375 0.07578125 0.11796875
1 0.8171875 0.60703125 0.06875 0.1078125
1 0.48046875 0.67734375 0.10234375 0.10859375
1 0.34921875 0.6046875 0.10859375 0.103125
1 0.421875 0.49765625 0.07109375 0.071875
1 0.65234375 0.5234375 0.07109375 0.065625
1 0.60390625 0.4453125 0.05859375 0.05234375
1 0.5453125 0.4078125 0.04609375 0.04296875
1 0.62421875 0.38984375 0.0359375 0.0390625
1 0.734375 0.43828125 0.0421875 0.05703125
1 0.84140625 0.50625 0.0578125 0.06328125
1 0.81328125 0.4140625 0.03515625 0.0453125
1 0.86328125 0.4359375 0.04375 0.0453125
1 0.92109375 0.4421875 0.04296875 0.05078125