1 0.69375 0.9078125 0.1625 0.184375
0 0.45625 0.48125 0.0765625 0.0875
1 0.90859375 0.80234375 0.11875 0.15078125
1 0.76640625 0.74921875 0.10625 0.1421875
1 0.7765625 0.64296875 0.08515625 0.09609375
1 0.6765625 0.59921875 0.078125 0.09296875
1 0.5421875 0.621875 0.09296875 0.10078125
1 0.32109375 0.61484375 0.1046875 0.11328125
1 0.253125 0.5859375 0.08359375 0.09296875
1 0.59765625 0.45625 0.053125 0.05078125
1 0.57734375 0.42734375 0.05625 0.0453125
1 0.73671875 0.4484375 0.053125 0.06328125
1 0.7859375 0.465625 0.046875 0.04140625
1 0.915625 0.578125 0.06015625 0.07265625
1 0.91953125 0.5078125 0.05859375 0.065625
1 0.80625 0.5734375 0.06328125 0.07734375
1 0.8375 0.49609375 0.06015625 0.03828125
0 0.86875 0.428125 0.03046875 0.0546875
1 0.84609375 0.46875 0.0453125 0.04140625
1 0.92890625 0.44296875 0.0484375 0.0484375
1 0.84140625 0.54296875 0.05234375 0.0640625