1 0.784375 0.625 0.0796875 0.1
1 0.703125 0.84609375 0.128125 0.16640625
1 0.89921875 0.7625 0.09375 0.13359375
1 0.70625 0.56875 0.07109375 0.07109375
1 0.9203125 0.4875 0.0453125 0.05
1 0.91171875 0.55859375 0.0625 0.08359375
1 0.784375 0.45390625 0.03984375 0.04140625
1 0.4828125 0.5125 0.06796875 0.06640625
1 0.690625 0.47265625 0.05078125 0.0625
1 0.92734375 0.35625 0.01953125 0.02890625
1 0.88515625 0.37734375 0.02578125 0.02890625
1 0.9234375 0.3875 0.028125 0.03359375
0 0.55234375 0.42265625 0.08828125 0.09609375
1 0.77265625 0.35 0.0171875 0.01640625
0 0.84375 0.48359375 0.08515625 0.16640625
0 0.83828125 0.36875 0.034375 0.05390625
1 0.77265625 0.325 0.0171875 0.01640625
0 0.796875 0.31875 0.01953125 0.02890625
0 0.83125 0.3 0.01953125 0.03359375
0 0.92890625 0.30859375 0.0171875 0.03359375
0 0.05390625 0.76953125 0.1078125 0.1921875
0 0.72734375 0.353125 0.05546875 0.0765625