0 0.66328125 0.77890625 0.28203125 0.42578125
1 0.575 0.60703125 0.09375 0.08359375
1 0.9109375 0.56796875 0.0671875 0.0796875
1 0.921875 0.44765625 0.04140625 0.04765625
1 0.76015625 0.42421875 0.03671875 0.04765625
1 0.5484375 0.47890625 0.0796875 0.06796875
1 0.51484375 0.43828125 0.0484375 0.05078125
1 0.1984375 0.57890625 0.11875 0.08359375
0 0.60859375 0.3984375 0.075 0.09375
0 0.8734375 0.39453125 0.0484375 0.0765625
1 0.82578125 0.4015625 0.03515625 0.034375
1 0.80234375 0.37578125 0.0296875 0.02578125
1 0.925 0.3921875 0.03125 0.0390625